23 23 23 23 23 23 23 23 23 23 23 23 23 23 23 23 23 23 23 23 23 23 23 23 23 23 23 23 23 23 23 23 23 23 23 23 23 23 23 23 23 23 23 23 23 23 23 23 23 23 23 23 23 23 80 70 70 70 70 70 70 70 70 70 70 70 70 70 70 70 70 70 70 70 70 70 70 70 70 70 70 70 70 70 70 70 70 70 70 70 70 70 70 70 70 70 70 70 70 70 70 70 70 70 70 70 70 70 70 70 76 129 129 129 129 129 129 129 129 129 129 129 129 129 129 129 129 129 129 129 129 129 129 129 129 129 129 129 129 129 129 129 129 129 129 129 129 129 129 129 129 129 129 129 129 129 129 129 129 129 129 129 129 129 129 129 129 129 129 129 129 129 129 129 129
23 23 23 23 23 23 23 23 23 23 23 23 23 23 23 23 23 23 23 23 23 23 23 23 23 23 23 23 23 23 23 23 23 23 23 23 23 23 23 23 23 23 23 23 23 23 23 23 23 23 23 23 23 23 80 70 70 70 70 70 70 70 70 70 70 70 70 70 70 70 70 70 70 70 70 70 70 70 70 70 70 70 70 70 70 70 70 70 70 70 70 70 70 70 70 70 70 70 70 70 70 70 70 70 70 70 70 70 70 70 76 129 129 129 129 129 129 129 129 129 129 129 129 129 129 129 129 129 129 129 129 129 129 129 129 129 129 129 129 129 129 129 129 129 129 129 129 129 129 129 129 129 129 129 129 129 129 129 129 129 129 129 129 129 129 129 129 129 129 129 129 129 129 129 129
23 23 23 23 23 23 23 23 23 23 23 23 23 23 23 23 23 23 23 23 23 23 23 23 23 23 23 23 23 23 23 23 23 23 23 23 23 23 23 23 23 23 23 23 23 23 23 23 23 23 23 23 23 23 80 70 70 70 70 70 70 70 70 70 70 70 70 70 70 70 70 70 70 70 70 70 70 70 70 70 70 70 70 70 70 70 70 70 70 70 70 70 70 70 70 70 70 70 70 70 70 70 70 70 70 70 70 70 70 70 76 129 129 129 129 129 129 129 129 129 129 129 129 129 129 129 129 129 129 129 129 129 129 129 129 129 129 129 129 129 129 129 129 129 129 129 129 129 129 129 129 129 129 129 129 129 129 129 129 129 129 129 129 129 129 129 129 129 129 129 129 129 129 129 129
23 23 23 23 23 23 23 23 23 23 23 23 23 23 23 23 23 23 23 23 23 23 23 23 23 23 23 23 23 23 23 23 23 23 23 23 23 23 23 23 23 23 23 23 23 23 23 23 23 23 23 23 23 23 80 70 70 70 70 70 70 70 70 70 70 70 70 70 70 70 70 70 70 70 70 70 70 70 70 70 70 70 70 70 70 70 70 70 70 70 70 70 70 70 70 70 70 70 70 70 70 70 70 70 70 70 70 70 70 70 76 129 129 129 129 129 129 129 129 129 129 129 129 129 129 129 129 129 129 129 129 129 129 129 129 129 129 129 129 129 129 129 129 129 129 129 129 129 129 129 129 129 129 129 129 129 129 129 129 129 129 129 129 129 129 129 129 129 129 129 129 129 129 129 129
23 23 23 23 23 23 23 23 23 23 23 23 23 23 23 23 23 23 23 23 23 23 23 23 23 23 23 23 23 23 23 23 23 23 23 23 23 23 23 23 23 23 23 23 23 23 23 23 23 23 23 23 23 23 80 70 70 70 70 70 70 70 70 70 70 70 70 70 70 70 70 70 70 70 70 70 70 70 70 70 70 70 70 70 70 70 70 70 70 70 70 70 70 70 70 70 70 70 70 70 70 70 70 70 70 70 70 70 70 70 76 129 129 129 129 129 129 129 129 129 129 129 129 129 129 129 129 129 129 129 129 129 129 129 129 129 129 129 129 129 129 129 129 129 129 129 129 129 129 129 129 129 129 129 129 129 129 129 129 129 129 129 129 129 129 129 129 129 129 129 129 129 129 129 129
23 23 23 23 23 23 23 23 23 23 23 23 23 24 23 23 23 23 23 23 24 23 23 23 23 23 23 23 24 23 23 23 23 23 23 23 23 23 23 23 23 23 23 24 23 24 23 23 23 23 23 23 23 23 80 70 70 70 70 70 70 70 70 70 70 70 70 70 70 70 70 70 70 70 70 70 70 70 70 70 70 70 70 70 70 70 70 70 70 70 70 70 70 70 70 70 70 70 70 70 70 70 70 70 70 70 70 70 70 70 76 129 129 129 129 129 129 129 129 129 129 129 129 129 129 129 129 129 129 129 129 129 129 129 129 129 129 129 129 129 129 129 129 129 129 129 129 129 129 129 129 129 129 129 129 129 129 129 129 129 129 129 129 129 129 129 129 129 129 129 129 129 129 129 129
23 23 23 23 23 23 23 23 23 23 23 23 23 23 23 23 23 23 23 23 23 23 23 23 23 24 23 23 23 23 23 23 24 23 23 23 23 23 24 23 23 24 23 23 23 23 23 23 23 23 23 23 23 23 80 70 70 70 70 70 70 70 70 70 70 70 70 70 70 70 70 70 70 70 70 70 70 70 70 70 70 70 70 70 70 70 70 70 70 70 70 70 70 70 70 70 70 70 70 70 70 70 70 70 70 70 70 70 70 70 76 129 129 129 159 159 159 159 159 129 129 129 129 129 129 129 129 129 129 129 129 129 129 129 129 129 129 129 129 129 129 129 129 129 129 129 129 129 129 129 129 129 147 148 148 148 148 148 149 129 129 129 129 129 129 129 129 129 129 129 129 129 129 129 129
23 23 23 23 23 23 23 23 23 23 23 23 23 23 23 23 23 23 23 23 24 23 23 23 23 23 23 23 23 23 23 23 23 23 23 23 23 23 23 23 23 23 23 23 23 23 23 23 23 23 24 23 23 23 80 70 70 70 70 70 70 70 70 70 70 70 70 70 70 70 70 70 70 70 70 70 70 70 70 70 70 70 70 70 70 70 70 70 70 70 70 70 70 70 70 70 70 70 70 70 70 70 70 70 70 70 70 70 70 70 76 129 129 129 159 129 129 129 159 129 129 129 129 129 129 129 129 129 129 129 129 129 129 129 129 129 129 129 129 129 129 129 129 129 129 129 129 129 129 147 148 148 157 120 120 120 120 120 158 148 148 149 129 129 129 129 129 129 129 129 129 129 129 129 129
23 23 23 23 23 23 23 23 23 23 24 23 23 23 23 23 23 23 23 23 24 23 23 23 23 23 23 23 23 15 15 15 15 15 15 15 15 15 15 15 15 15 15 15 15 15 35 23 23 23 24 23 23 23 80 70 70 70 70 70 70 70 81 78 78 78 78 78 78 78 78 78 78 78 78 78 78 78 78 78 78 78 78 78 78 78 78 78 78 78 78 78 78 78 78 78 78 78 78 78 78 78 82 70 70 70 70 70 70 70 76 129 129 159 159 129 129 129 159 159 159 159 159 129 129 129 129 129 129 129 129 129 129 129 129 129 129 129 129 129 129 129 129 129 129 129 129 129 147 157 120 120 120 120 120 120 120 120 120 120 120 158 149 129 129 129 129 129 129 129 129 129 129 129 129
23 23 23 23 23 23 23 23 23 23 23 23 23 23 24 23 23 23 23 23 24 23 23 23 23 23 24 23 23 13 24 23 23 23 23 24 23 23 24 23 23 23 24 23 23 23 17 23 23 23 23 23 23 23 80 70 70 70 70 70 70 70 76 40 40 40 40 40 40 40 40 40 40 40 40 40 40 40 40 40 40 40 40 40 40 40 40 40 40 40 40 40 40 40 40 40 40 40 40 40 40 40 80 70 70 70 70 70 70 70 76 129 129 159 129 129 129 129 129 129 129 129 159 129 129 129 129 129 129 129 129 129 129 129 129 129 129 129 129 129 129 129 129 129 129 129 129 129 154 120 120 120 120 120 120 120 120 120 120 120 120 120 150 129 129 129 129 129 129 129 129 129 129 129 129
23 23 23 23 23 23 23 23 23 23 23 23 23 23 23 23 23 23 23 23 0 23 23 23 23 24 23 23 23 13 23 23 0 0 0 0 0 0 0 0 0 0 23 23 23 23 17 23 23 23 24 23 23 23 80 70 70 70 70 70 70 70 76 40 40 40 40 40 40 40 43 43 43 43 43 40 40 42 40 40 40 40 40 40 56 40 40 42 56 40 40 40 40 43 40 41 40 40 40 40 40 40 80 70 70 70 70 70 70 70 76 129 129 159 159 159 159 159 129 129 129 129 159 129 129 129 129 129 129 129 129 129 129 129 129 129 129 129 129 129 129 129 129 129 129 129 129 147 157 120 120 120 120 155 156 120 155 156 120 120 120 120 158 149 129 129 129 129 129 129 129 129 129 129 129
23 23 23 23 23 23 23 23 23 23 23 23 23 23 24 23 23 23 24 23 23 23 24 23 24 23 24 23 23 13 23 23 23 23 23 23 23 23 23 23 23 0 23 25 26 23 17 23 23 24 23 23 23 23 80 70 70 70 70 70 70 70 76 40 40 42 40 56 40 40 43 43 43 56 43 40 40 40 40 40 40 43 40 40 40 40 56 40 40 40 42 40 40 40 42 40 40 41 40 40 42 40 80 70 70 70 70 70 70 70 76 129 129 129 129 129 129 159 129 129 129 129 159 129 129 129 129 129 129 129 129 129 129 129 129 129 129 129 129 129 129 129 129 129 129 129 129 154 120 120 155 152 152 151 154 120 150 153 152 152 156 120 120 150 129 129 129 129 129 129 129 129 129 129 129
23 23 23 23 23 23 23 23 23 24 23 23 23 24 23 0 23 23 23 23 23 0 23 23 23 0 23 23 23 13 24 23 24 23 23 23 24 23 23 23 23 0 23 23 23 0 17 23 24 23 23 23 23 23 80 70 70 70 70 70 70 70 76 40 40 40 40 40 40 40 43 43 43 43 43 40 40 43 40 40 42 42 40 41 40 40 41 40 40 40 40 40 40 40 40 40 43 40 40 40 40 40 80 70 70 70 70 70 70 70 76 129 129 129 129 159 159 159 129 129 129 129 159 159 159 135 137 129 129 129 129 129 129 129 129 129 129 129 129 129 129 129 129 129 129 129 129 154 120 155 151 129 129 129 154 120 150 129 129 129 153 156 120 166 159 159 159 159 129 129 129 129 129 129 129
23 23 23 23 23 23 24 23 0 23 23 23 23 23 23 23 23 23 23 23 23 23 24 23 23 23 23 25 26 13 23 23 23 23 23 0 0 0 0 0 0 0 23 23 24 23 17 23 24 23 23 23 23 23 80 70 70 70 70 70 70 70 76 40 40 40 40 42 40 40 43 43 43 43 43 40 40 40 40 40 40 40 40 43 40 56 40 40 40 56 40 40 40 41 41 40 40 40 41 40 40 40 80 70 70 70 70 70 70 70 76 129 129 129 129 159 129 129 129 129 129 129 129 129 129 142 138 129 135 137 129 135 136 136 137 129 129 129 129 129 129 129 129 129 129 129 129 153 152 151 129 129 129 129 154 120 150 129 129 129 129 153 152 151 129 129 129 159 129 129 129 129 129 129 129
23 23 23 23 23 23 24 23 23 23 23 23 23 23 23 24 23 23 23 23 23 23 25 26 24 23 23 23 23 13 23 0 23 0 23 0 23 23 23 23 23 23 23 23 23 23 17 23 23 23 23 23 23 23 80 70 70 70 70 81 78 78 77 40 56 40 40 40 40 40 43 40 40 40 43 42 40 40 40 43 40 40 40 40 56 40 56 41 43 40 43 40 40 43 40 40 40 40 40 40 42 40 80 70 70 70 70 70 70 70 76 129 129 129 129 135 137 129 129 129 129 129 129 129 129 142 138 129 142 146 136 145 120 120 146 136 136 137 129 129 129 129 129 129 129 129 129 129 129 129 129 129 129 129 154 120 150 129 129 129 129 129 129 129 129 129 129 159 129 129 129 129 129 129 129
23 23 23 23 23 24 23 23 23 23 23 23 23 24 23 0 0 24 23 23 23 23 23 23 23 0 23 23 23 13 23 0 23 23 23 0 0 23 23 23 0 23 23 0 23 23 17 24 23 23 24 34 15 15 79 78 78 78 78 77 40 40 40 40 40 40 43 40 40 40 40 40 40 42 40 40 43 40 40 56 41 40 41 40 40 40 59 59 59 59 59 59 59 59 59 59 59 59 59 59 40 40 80 70 70 70 70 70 70 70 76 129 129 129 129 142 146 136 137 129 129 129 129 129 129 142 146 136 145 120 132 120 120 120 132 120 120 146 160 148 148 148 148 148 148 149 129 129 129 129 129 129 129 129 154 120 150 129 129 129 129 129 129 129 129 129 129 159 129 129 129 129 129 129 129
23 23 24 23 23 23 23 24 23 23 23 23 23 23 23 23 24 23 0 24 23 23 0 0 23 23 23 34 15 14 23 0 0 0 23 0 23 23 23 23 0 0 0 0 0 24 16 15 15 15 15 14 0 0 0 40 0 0 40 40 40 40 40 40 40 40 41 42 40 40 41 40 40 42 40 40 40 41 40 40 43 40 40 56 40 59 59 59 59 59 59 59 59 59 59 59 59 59 59 59 59 40 80 70 70 70 70 70 70 70 76 129 129 129 135 145 120 143 139 129 129 129 129 129 129 141 140 140 144 122 133 143 140 144 133 120 120 120 120 120 120 120 120 120 120 150 129 129 129 129 129 129 129 129 154 120 150 129 129 129 129 129 129 129 129 129 129 159 129 129 129 129 129 129 129
23 23 23 23 23 23 23 23 23 0 25 26 24 23 0 23 24 23 23 23 23 23 34 15 15 15 15 14 23 0 0 0 0 0 0 0 0 0 0 2 3 3 3 3 4 0 0 0 0 0 0 0 0 0 0 0 0 40 0 40 40 40 40 44 45 45 45 45 45 45 45 46 40 40 40 40 40 40 40 40 40 40 40 42 41 59 59 59 59 58 58 40 42 42 40 40 58 43 59 59 59 59 80 70 70 70 70 70 70 70 76 129 129 135 145 120 143 139 129 129 129 129 129 129 129 129 129 129 142 120 134 138 129 142 134 143 140 162 152 152 152 152 152 156 120 150 129 129 129 129 129 147 148 148 157 120 150 129 129 129 129 129 129 129 129 129 129 159 129 129 129 129 129 129 129
23 23 23 23 23 23 23 23 23 23 23 23 23 23 23 23 23 23 23 34 15 15 14 23 0 23 23 23 23 0 0 0 0 0 0 2 3 3 3 30 1 1 1 1 5 0 10 11 11 11 12 0 0 0 0 0 40 0 40 40 40 40 40 50 49 49 49 49 49 49 53 55 45 45 45 45 45 45 45 45 45 45 45 45 45 45 45 46 41 41 40 40 40 40 40 41 40 58 59 59 59 59 80 70 70 70 70 70 70 70 76 129 129 141 144 143 139 129 129 129 129 129 129 129 129 129 129 135 145 120 120 146 136 145 143 139 129 129 129 129 129 129 129 154 120 150 129 129 129 129 147 157 120 120 120 120 150 129 129 129 129 129 129 129 129 129 129 159 129 129 129 129 129 129 129
23 24 23 23 23 24 23 23 23 23 23 23 34 15 15 15 15 15 15 14 23 23 0 0 23 0 23 0 0 0 0 2 3 3 3 30 1 1 1 1 1 28 7 7 6 0 17 23 23 23 33 11 11 11 73 74 74 74 75 40 40 40 40 40 40 40 42 42 40 40 50 49 49 49 49 53 52 49 49 49 49 49 53 52 49 49 49 48 42 40 40 40 40 40 40 43 40 40 59 59 59 59 80 70 70 70 70 70 70 70 76 129 129 129 141 139 129 129 129 129 129 129 129 129 129 129 129 141 140 144 120 143 140 140 139 129 129 129 129 129 129 129 129 154 120 158 148 148 148 148 157 120 120 120 155 152 151 129 129 129 129 129 129 129 129 129 129 159 129 129 129 129 129 129 129
23 24 23 23 23 24 23 13 15 15 15 15 14 0 23 0 0 0 0 23 0 23 0 23 0 0 0 2 3 3 3 30 1 1 1 1 1 28 7 7 7 6 0 0 0 0 17 23 24 23 23 24 23 23 80 70 70 70 84 74 74 74 75 40 40 40 41 40 41 40 40 40 42 40 40 51 47 40 41 41 41 40 51 47 43 59 59 59 59 40 40 40 40 40 40 43 40 41 59 59 59 59 80 70 70 70 70 70 70 70 76 129 129 129 129 129 129 129 129 129 129 129 129 129 129 129 129 129 129 164 120 165 129 129 129 129 129 129 129 129 129 129 129 154 120 120 120 120 120 120 120 120 120 120 150 129 129 129 129 129 129 129 129 129 129 129 129 159 129 129 129 129 129 129 129
23 23 23 23 23 23 23 13 23 23 23 0 0 23 0 23 23 23 0 0 0 0 0 25 26 0 0 9 1 1 1 1 1 28 7 7 7 6 0 0 0 0 0 0 0 0 17 23 23 23 23 23 23 23 80 70 70 70 70 70 70 70 76 40 40 40 40 40 41 40 40 40 42 40 40 51 47 40 41 41 41 40 51 47 43 59 59 59 59 40 40 40 40 40 40 40 43 41 59 59 59 59 80 70 70 70 70 70 70 70 76 129 129 129 129 129 129 129 129 129 129 129 129 129 129 129 129 129 129 154 120 150 129 129 129 129 129 129 129 129 129 129 129 153 152 152 152 152 152 152 152 152 152 152 151 129 129 129 129 129 129 129 129 129 129 129 129 159 129 129 129 129 129 129 129
23 23 23 23 23 23 23 13 23 23 0 0 0 0 0 0 0 0 25 26 0 0 0 0 0 0 0 9 1 28 7 7 7 6 0 0 0 0 0 0 0 0 0 0 0 0 17 23 23 24 23 23 23 23 80 70 70 70 70 70 70 70 76 40 40 40 40 43 40 40 40 43 40 40 43 51 47 40 43 40 43 40 51 47 43 59 59 59 59 40 40 40 40 200 40 40 40 40 59 59 59 59 80 70 70 70 70 70 70 70 76 129 129 129 129 129 129 129 129 129 129 129 129 129 129 129 129 129 129 154 120 158 148 148 148 149 129 129 129 129 129 129 129 129 129 129 129 129 129 129 129 129 129 129 129 129 129 129 129 129 129 129 129 159 159 159 159 159 129 129 129 129 129 129 129
23 23 23 23 23 23 23 13 23 0 23 0 0 25 26 0 0 0 0 0 0 0 0 0 0 0 0 8 7 6 0 0 0 0 0 0 0 0 0 0 0 0 0 0 0 0 17 23 24 23 23 23 23 23 80 70 70 70 70 70 70 70 76 40 40 40 40 57 57 40 40 42 40 41 40 51 47 43 43 56 40 42 51 47 43 59 59 59 59 40 40 40 40 40 40 40 40 40 59 59 59 59 80 70 70 70 70 70 70 70 76 129 129 129 129 129 129 129 129 129 129 129 129 129 129 129 129 129 129 154 120 120 120 120 120 150 129 129 129 129 129 129 129 129 129 129 129 129 129 129 129 129 129 129 129 129 129 129 129 129 129 129 129 159 129 129 129 129 129 129 129 129 129 129 129
23 23 23 23 23 23 23 13 23 24 23 0 0 0 0 0 0 0 0 0 0 0 0 0 27 27 27 36 36 27 27 21 0 0 0 0 0 22 22 0 0 0 0 0 0 0 17 23 24 23 23 24 24 23 80 70 70 70 70 70 70 70 76 40 40 40 42 40 40 40 58 40 40 40 40 51 47 40 56 43 40 41 51 47 40 59 59 59 59 58 40 43 43 40 40 41 40 40 59 59 59 59 80 70 70 70 70 70 70 70 76 129 129 129 129 129 129 129 129 129 129 129 129 129 129 129 129 129 129 153 152 152 152 156 120 150 129 129 129 129 129 129 129 129 129 129 129 129 129 129 129 129 129 129 129 129 129 129 129 129 129 129 129 159 129 129 129 129 129 129 129 129 129 129 129
23 23 23 23 23 24 23 13 23 23 23 22 0 0 0 0 0 0 0 0 0 0 27 27 27 27 27 36 36 27 27 27 27 0 0 0 0 22 22 22 0 0 0 0 23 0 17 23 23 23 23 23 23 23 80 70 70 70 70 70 70 70 76 40 40 40 58 40 57 40 40 57 57 40 40 51 47 40 41 56 40 40 51 47 43 59 59 59 59 58 40 42 40 42 40 41 41 40 59 59 59 59 80 70 70 70 70 70 70 70 76 129 129 129 129 129 129 129 129 129 129 129 129 129 129 129 129 129 129 129 129 129 147 157 120 150 129 129 129 129 129 129 129 129 129 129 129 129 129 129 129 129 129 129 129 129 129 129 129 129 129 129 129 159 159 159 159 129 129 129 129 129 129 129 129
23 23 23 23 23 23 23 13 24 23 23 22 22 0 0 0 0 0 0 0 0 22 27 27 27 27 27 36 36 27 27 27 27 27 0 0 22 22 21 22 0 0 0 23 23 0 17 23 24 23 23 23 23 23 80 70 70 70 70 70 70 70 76 40 40 40 40 40 40 57 40 40 57 40 41 51 47 40 43 40 40 43 51 47 40 59 59 59 59 40 40 43 43 41 40 40 40 40 59 59 59 59 80 70 70 70 70 70 70 70 76 129 129 129 129 129 129 129 129 129 129 129 129 129 129 129 129 129 129 129 129 129 154 120 120 150 129 129 129 129 129 129 129 129 129 129 129 129 129 129 129 129 129 129 129 129 129 129 129 129 129 129 129 129 129 129 159 129 129 129 129 129 129 129 129
23 24 23 23 23 23 23 13 24 23 22 22 22 0 0 0 0 0 0 0 0 27 27 27 27 27 27 36 36 27 27 27 27 27 27 0 0 22 22 0 0 23 24 23 23 0 17 23 23 23 23 23 23 23 80 70 70 70 70 70 70 70 76 40 40 40 43 56 43 40 40 58 43 57 41 51 47 40 40 40 40 40 51 47 40 59 59 59 59 40 43 42 42 41 40 40 40 40 59 59 59 59 80 70 70 70 70 70 70 70 76 129 129 129 129 129 129 129 135 136 136 136 137 129 129 129 129 129 129 129 129 147 157 120 155 151 129 129 129 129 129 129 129 129 129 129 129 129 129 129 129 129 129 129 129 129 129 129 129 129 129 129 129 129 129 129 159 129 129 129 129 129 129 129 129
23 23 23 23 24 23 23 13 23 23 22 22 22 22 0 0 0 0 0 0 22 27 27 27 27 27 27 36 36 27 27 27 27 27 27 27 0 0 0 0 0 23 0 23 24 23 17 23 23 23 23 23 23 23 80 70 70 70 70 70 70 70 76 40 40 40 40 43 56 40 40 40 40 40 40 51 55 45 45 45 45 45 54 47 40 59 59 59 59 40 40 40 40 40 41 40 40 40 59 59 59 59 80 70 70 70 70 70 70 70 76 129 129 129 129 129 129 135 145 143 140 144 146 136 136 160 148 148 149 129 129 154 120 120 150 129 129 129 129 129 129 129 129 129 129 129 129 129 129 129 129 129 129 129 129 129 129 129 129 129 129 129 129 129 129 129 159 129 129 129 129 129 129 129 129
23 23 23 23 24 23 23 13 24 23 22 22 22 0 0 0 0 0 0 0 27 27 27 27 36 36 36 36 36 27 27 27 27 27 27 27 0 0 0 0 0 0 23 23 23 23 17 23 23 23 23 23 23 23 80 70 70 70 70 70 70 70 76 40 40 56 56 41 40 56 40 43 40 40 40 50 49 49 49 49 49 49 49 48 40 59 59 59 59 40 58 40 58 40 40 40 40 40 59 59 59 59 80 70 70 70 70 70 70 70 76 129 129 129 129 129 129 142 120 138 129 142 120 120 120 120 120 120 150 129 129 154 120 155 151 129 129 129 129 129 129 129 129 129 129 129 129 129 129 129 129 129 129 129 129 129 129 129 129 129 129 129 129 129 129 135 137 129 129 129 129 129 129 129 129
15 15 15 15 15 15 15 14 23 22 22 27 27 27 27 27 27 36 27 27 27 27 27 27 36 200 36 36 36 27 27 27 27 27 27 27 0 0 0 0 0 0 0 23 23 23 17 23 23 23 24 23 23 23 80 70 70 70 70 70 70 70 76 40 40 40 43 56 56 40 40 40 41 40 40 40 40 40 40 40 200 43 40 40 40 59 59 59 59 59 59 60 59 59 40 43 40 40 59 59 59 59 80 70 70 70 70 70 70 70 76 129 129 129 129 129 135 145 120 146 136 145 120 120 143 162 156 120 158 148 148 157 120 150 129 129 129 129 129 129 129 129 129 129 129 129 129 129 129 129 129 129 129 129 129 129 129 129 129 129 129 129 129 129 135 145 146 137 129 129 129 129 129 129 129
27 27 27 27 27 27 27 27 27 27 27 27 27 27 27 27 27 27 27 27 27 27 27 27 36 36 36 36 36 27 27 27 27 27 27 27 0 0 0 0 23 23 23 23 23 23 17 23 23 23 23 23 23 23 80 70 70 70 70 70 70 70 76 40 40 56 40 56 40 40 40 43 40 40 40 42 43 40 40 41 40 40 40 43 40 59 59 59 59 59 59 60 59 59 41 41 41 41 59 59 59 59 80 70 70 70 70 70 70 70 76 129 129 129 129 129 142 143 140 140 144 120 120 120 138 129 154 120 120 120 120 120 120 150 129 129 129 129 129 129 129 129 129 129 129 129 129 129 129 129 129 129 135 137 129 129 129 129 129 129 129 129 129 129 142 120 143 139 129 129 129 129 129 129 129
27 27 27 27 27 27 27 27 27 27 27 27 27 36 0 0 0 0 0 0 27 27 27 27 27 27 27 36 36 27 27 27 27 27 27 27 27 27 27 27 27 23 23 23 23 23 17 23 23 23 23 23 24 23 80 70 70 70 70 70 70 70 76 40 40 40 42 43 43 42 40 40 41 40 40 40 40 40 40 40 40 40 40 42 56 59 59 60 60 60 60 60 59 59 41 41 42 40 59 59 59 59 80 70 70 70 70 70 70 70 76 129 129 129 129 129 141 139 129 129 142 120 143 140 139 129 153 152 152 152 152 152 152 151 129 129 129 129 129 129 129 129 129 129 129 129 129 129 129 129 129 135 145 146 136 137 129 129 129 129 129 129 129 135 145 120 138 129 129 129 129 129 129 129 129
11 11 11 11 11 11 11 12 23 0 0 0 0 0 0 0 0 0 0 0 0 21 27 27 27 27 27 36 36 27 27 27 27 27 27 27 27 27 27 27 27 27 27 27 27 27 27 27 27 27 27 27 27 27 80 70 70 70 70 70 70 70 84 74 74 74 74 74 74 74 74 74 74 74 74 74 74 74 74 74 74 74 74 75 40 59 59 60 59 59 59 59 59 59 41 41 42 40 59 59 59 59 80 70 70 70 70 70 70 70 76 129 129 129 129 129 129 129 129 129 164 120 165 129 129 129 129 129 129 129 129 129 129 129 129 129 129 129 129 129 129 129 129 129 129 129 129 129 135 137 129 142 120 143 140 144 137 129 129 129 129 129 135 145 120 120 138 129 129 129 129 129 129 129 129
23 23 23 23 23 23 23 13 23 23 0 0 0 0 0 21 22 0 0 0 0 0 27 27 27 27 27 36 36 27 27 27 27 27 27 27 36 36 36 27 27 27 27 27 27 27 27 27 27 27 27 27 27 27 80 70 70 70 70 70 70 70 70 70 70 70 70 70 70 70 70 70 70 70 70 70 70 70 70 70 70 70 70 76 40 59 59 60 59 59 59 59 59 59 41 41 40 58 59 59 59 59 80 70 70 70 70 70 70 70 76 129 129 129 129 129 129 129 129 129 154 120 150 129 129 129 129 129 129 129 129 129 129 129 129 129 129 129 129 129 129 129 129 129 129 129 129 129 142 146 136 145 120 138 129 142 138 129 129 129 129 129 141 140 144 120 146 137 129 129 129 129 129 129 129
23 23 23 23 23 23 23 13 23 24 23 0 0 0 0 22 22 0 0 0 0 0 0 22 27 27 27 36 36 27 27 27 27 27 0 0 0 0 0 0 23 22 23 23 23 23 17 23 23 23 23 24 23 23 80 70 70 70 70 70 70 70 70 70 70 70 70 70 70 70 70 70 70 70 70 70 70 70 70 70 70 70 70 76 40 59 59 60 59 59 59 59 59 59 59 40 40 59 59 59 59 59 80 70 70 70 70 70 70 70 76 129 129 129 129 129 129 129 129 147 157 120 150 129 129 129 129 129 129 129 129 129 129 129 129 147 148 148 148 148 148 148 148 148 148 161 136 136 145 120 120 122 120 146 136 145 146 136 137 129 129 129 129 129 141 140 144 138 129 129 129 129 129 129 129
23 23 23 23 23 23 23 13 24 23 23 0 0 0 0 22 22 22 22 0 0 0 0 22 27 27 27 36 36 27 27 27 27 0 0 0 0 0 0 0 23 23 23 0 23 23 17 23 23 23 23 23 23 23 80 97 70 70 100 70 70 70 97 70 70 70 70 70 70 70 70 70 70 70 70 70 70 70 70 70 70 70 70 76 40 59 59 60 59 59 59 59 59 59 59 40 40 59 59 59 59 59 80 70 70 70 70 70 70 70 76 129 129 129 129 129 129 129 129 154 120 120 158 148 148 148 148 148 148 148 149 129 129 129 129 154 120 120 120 122 120 120 120 120 120 120 120 120 120 122 143 140 144 120 143 140 140 144 146 137 129 129 129 129 129 129 141 139 129 129 129 129 129 129 129
23 24 23 23 24 23 23 13 23 23 23 0 0 0 0 22 22 22 22 22 0 0 0 0 22 27 27 36 36 27 27 22 0 0 0 0 0 0 25 26 0 0 23 0 24 23 17 23 23 23 23 23 23 23 80 70 70 100 200 100 70 70 70 70 70 70 70 70 70 70 70 70 70 70 70 70 70 70 70 70 70 70 70 76 40 59 200 60 59 59 59 59 59 59 59 40 40 59 59 59 59 59 80 70 70 70 70 70 70 70 76 129 129 129 129 129 129 129 129 154 120 120 120 120 120 120 120 122 120 120 150 147 148 148 148 157 120 155 152 152 152 152 152 152 152 152 163 140 144 120 138 129 142 120 138 129 129 141 144 138 129 129 129 129 129 129 129 129 129 129 129 129 129 129 129
23 23 23 23 24 23 23 13 23 24 23 0 23 0 0 22 21 22 22 22 22 0 0 0 0 0 0 0 0 0 0 0 0 0 0 0 0 0 0 0 24 0 23 23 23 23 17 23 23 24 23 23 23 23 80 70 70 100 70 100 70 70 70 70 70 70 70 70 70 70 70 70 70 70 70 70 70 70 70 70 70 70 70 76 40 59 59 59 59 59 59 59 59 59 59 44 46 59 59 59 59 59 80 70 70 70 70 70 70 70 76 129 129 129 129 129 129 129 129 154 120 120 120 120 155 152 152 152 156 120 150 154 120 122 120 120 120 150 129 129 129 129 129 129 129 129 129 129 141 144 146 136 145 143 139 129 129 129 142 138 129 129 129 129 129 129 129 129 129 129 129 129 129 129 129
23 23 23 23 23 23 23 13 23 23 23 23 0 0 22 22 22 22 22 0 0 0 0 0 0 0 2 3 4 0 0 0 0 0 0 0 0 0 22 0 23 23 23 23 24 23 17 23 23 23 23 23 23 23 80 70 70 100 70 100 70 70 70 70 70 70 70 70 70 70 70 70 70 70 70 70 70 70 70 70 70 70 70 76 40 59 59 59 59 59 59 59 59 59 59 51 47 59 59 59 59 59 80 70 70 70 70 70 70 70 70 129 129 129 129 129 129 129 129 153 152 152 152 152 151 129 129 129 154 120 158 157 120 155 152 152 152 151 129 129 129 129 129 129 129 129 129 129 129 141 140 144 120 138 129 129 129 129 142 138 129 129 129 129 129 129 129 129 129 129 129 129 129 129 129
23 23 23 23 23 23 23 13 23 23 23 23 0 0 0 22 21 21 22 0 0 0 0 0 0 0 9 1 5 0 0 0 0 0 0 0 0 24 0 0 0 0 0 23 24 23 17 23 23 23 23 23 24 23 80 70 70 100 70 100 70 70 70 70 70 70 70 70 70 70 70 70 70 70 70 70 70 70 70 70 70 70 70 76 40 40 59 59 59 59 59 59 59 59 59 51 47 59 59 59 59 59 80 70 70 70 70 70 70 70 70 129 129 129 129 129 129 129 129 129 129 129 129 129 129 129 129 129 154 120 120 120 120 150 129 129 129 129 129 129 129 129 129 129 129 129 129 129 129 129 129 164 120 165 129 129 129 129 141 139 129 129 129 129 129 129 129 129 129 129 129 129 129 129 129
23 23 23 23 23 23 23 13 24 23 24 23 23 0 0 22 0 0 22 0 0 0 0 0 0 0 9 1 5 0 0 0 0 0 0 0 23 23 0 23 0 23 23 23 23 23 17 23 23 23 23 23 23 23 80 70 70 100 70 100 70 70 70 70 70 70 70 70 70 70 70 70 70 70 97 70 97 70 70 70 70 70 70 76 40 40 40 59 59 59 59 59 59 59 59 51 47 59 59 59 59 59 80 70 70 70 70 70 70 70 70 129 129 129 129 129 129 129 129 129 129 129 129 129 129 129 129 129 153 152 152 152 152 151 129 129 129 129 129 129 129 129 129 129 129 129 129 129 129 129 129 154 120 150 129 129 129 129 129 129 129 129 129 129 129 129 129 129 129 129 129 129 129 129 129
23 23 24 23 23 23 23 13 23 23 23 23 23 0 0 0 0 0 0 0 0 0 0 0 0 0 9 1 5 0 0 0 0 0 25 26 0 23 0 0 0 0 24 24 23 23 17 23 23 23 23 23 23 23 80 70 70 100 70 100 70 97 70 70 70 70 70 70 70 70 70 70 70 97 97 70 97 70 70 70 70 70 70 76 40 40 40 40 59 59 59 59 59 59 59 51 47 59 59 59 59 40 80 70 70 70 70 70 70 70 70 129 129 129 129 129 129 129 129 129 129 129 129 129 129 129 129 129 129 129 129 129 129 129 129 129 129 129 129 129 147 148 148 148 148 148 148 148 148 148 148 157 122 150 129 129 129 129 129 129 129 129 129 129 129 129 129 129 129 129 129 129 129 129 129
23 23 23 23 23 24 23 13 24 23 23 24 23 0 0 0 0 0 0 0 0 2 3 3 3 3 30 1 5 0 0 0 0 0 0 23 23 23 0 23 0 23 23 23 23 23 17 23 23 23 23 24 23 23 80 70 97 100 70 100 70 70 70 97 70 70 70 70 70 70 70 70 97 70 81 78 78 78 82 70 70 70 70 76 40 40 40 40 40 59 59 59 59 59 40 51 47 40 59 59 40 40 80 70 70 70 70 70 70 70 70 129 129 129 129 129 129 129 129 129 129 129 129 129 129 129 129 129 129 129 129 129 129 129 129 129 129 129 129 129 154 120 122 120 120 120 120 120 120 120 122 120 120 150 129 129 129 129 129 129 129 129 129 129 129 129 129 129 129 129 129 129 129 129 129
23 23 23 23 23 23 23 13 23 23 0 23 23 0 0 0 0 0 0 19 19 9 1 1 1 1 1 1 5 0 0 0 0 0 0 0 23 22 23 23 23 23 23 23 23 23 17 23 23 23 23 23 23 23 80 70 100 100 70 100 70 70 70 97 97 70 70 70 70 70 70 81 78 78 77 70 70 70 80 70 70 70 70 76 40 40 40 40 40 57 40 57 40 40 42 51 47 41 57 58 40 40 80 70 70 70 70 70 70 70 70 129 129 129 129 129 129 129 129 129 129 129 129 129 129 129 129 129 129 129 129 129 129 129 129 129 129 129 129 129 154 120 155 152 152 152 152 152 152 152 152 152 152 151 129 129 129 129 129 129 129 129 129 129 129 129 129 129 129 129 129 129 129 129 129
23 23 23 23 23 23 23 13 23 0 23 23 23 0 0 0 0 0 19 19 19 9 1 28 7 7 7 7 6 0 0 0 0 0 0 23 24 22 23 23 23 24 23 23 24 23 17 23 23 24 23 23 23 23 80 70 100 70 70 100 70 97 70 70 70 97 70 81 78 78 78 77 70 70 70 70 70 70 80 70 97 70 70 76 42 40 40 40 44 45 45 45 45 45 45 54 47 40 40 40 40 40 80 70 70 70 70 70 70 70 70 129 129 129 129 129 129 129 129 129 129 129 129 129 129 129 129 129 129 129 129 129 129 129 129 129 129 129 129 129 154 120 150 129 129 129 129 129 129 129 129 129 129 129 129 129 129 129 129 129 129 129 129 129 129 129 129 129 129 129 129 129 129 129 129
23 23 23 23 23 23 23 13 23 23 23 23 0 0 0 0 0 0 19 19 0 9 1 5 0 0 19 19 0 0 0 0 0 0 0 22 0 24 24 23 23 23 23 23 23 23 17 23 23 23 23 23 23 23 80 70 100 70 100 100 70 81 78 78 78 78 78 77 97 200 70 97 70 70 70 70 70 70 80 70 70 70 70 76 40 40 40 40 51 52 49 49 49 49 49 49 48 40 40 40 40 40 80 70 70 70 70 70 70 70 70 129 129 129 129 129 129 129 129 129 129 129 129 129 129 129 129 129 129 129 129 129 129 129 129 129 129 129 129 129 154 120 150 129 129 129 129 129 129 129 129 129 129 129 129 135 137 129 129 129 129 129 129 129 129 129 129 129 129 129 129 129 129 129 129
23 23 24 23 23 23 23 13 24 23 23 23 23 0 0 0 0 0 0 0 19 9 1 5 0 19 19 0 0 0 0 0 23 22 0 23 23 24 24 24 23 23 23 23 23 23 17 23 23 23 23 23 23 23 80 70 100 70 100 70 81 77 97 70 70 70 70 70 70 70 70 70 70 70 93 94 70 73 83 70 70 70 70 76 40 40 56 40 51 47 40 40 43 40 40 40 40 40 40 40 40 42 80 70 70 70 70 70 70 70 70 129 129 129 129 129 129 129 129 129 129 129 129 129 129 129 129 129 129 129 129 129 129 129 129 129 129 129 129 129 154 122 150 129 129 129 129 129 129 129 129 129 129 129 129 141 139 129 129 129 129 129 129 129 129 129 129 129 129 129 129 129 129 129 129
23 23 23 23 23 23 23 13 23 23 0 0 0 0 0 0 0 0 0 0 0 9 1 5 0 19 19 19 0 0 0 0 0 24 23 23 24 23 23 23 23 23 23 23 23 23 17 23 23 23 23 23 23 24 80 70 100 70 100 70 76 70 70 70 70 70 70 70 70 70 70 70 70 70 96 95 73 83 70 70 97 70 70 76 40 43 40 40 51 47 40 40 57 58 58 40 40 43 40 41 40 40 80 70 70 70 70 70 70 70 70 129 129 129 129 129 129 129 129 129 129 129 129 129 129 129 129 129 129 129 129 129 129 129 129 129 129 129 129 129 154 120 150 129 129 129 129 129 129 129 129 129 129 129 129 129 129 129 129 129 129 129 129 129 129 129 129 129 129 129 129 129 129 129 129
23 23 23 23 23 23 23 13 23 23 0 25 26 0 0 0 0 0 2 3 3 30 1 5 0 19 0 0 0 0 0 25 26 0 23 23 0 23 24 23 25 26 23 23 23 23 17 23 23 23 23 23 23 24 80 70 100 70 100 70 76 70 70 70 70 70 70 70 70 70 70 70 70 70 70 70 80 70 70 97 70 97 70 76 40 56 40 40 51 47 40 40 58 57 57 57 40 40 40 40 40 40 80 70 70 70 70 70 70 70 70 129 129 129 129 129 129 129 129 129 129 129 129 129 129 129 129 129 129 129 129 129 129 129 129 129 129 129 129 129 154 120 150 129 129 129 129 129 129 129 129 129 129 129 129 129 129 129 129 129 129 129 129 129 129 129 129 129 129 129 129 129 129 129 129
23 23 23 23 23 23 23 13 24 0 0 0 0 0 0 22 0 0 9 1 1 1 1 5 0 0 0 0 0 0 23 23 23 24 23 23 23 23 24 23 23 23 10 11 11 11 32 23 23 23 23 23 23 23 80 70 100 70 100 70 76 70 70 70 73 74 74 74 74 74 74 75 70 70 70 70 80 70 70 70 70 70 70 76 40 40 40 40 51 47 40 40 58 57 57 57 40 40 42 56 40 40 80 70 70 70 70 70 70 70 70 74 74 74 74 74 74 74 74 74 74 74 74 74 74 74 74 74 74 74 74 74 74 74 74 74 74 74 74 74 75 106 73 74 74 74 74 74 74 74 74 74 74 74 74 74 74 74 74 74 74 74 74 74 74 74 74 74 74 74 74 74 74 74 74
23 23 24 23 24 23 24 13 24 0 0 0 22 22 21 22 0 0 9 1 28 7 7 6 0 0 0 0 0 0 0 0 23 24 23 23 23 24 23 23 23 23 17 23 23 23 23 23 23 23 23 23 23 23 80 100 100 70 100 70 76 97 70 70 80 93 94 70 70 93 94 84 75 70 70 73 83 70 97 70 70 70 70 76 40 40 40 40 51 47 40 40 40 58 57 57 43 40 40 58 40 40 80 70 70 70 70 70 70 70 70 70 70 70 70 70 70 70 70 70 70 70 70 70 70 70 70 70 70 70 70 70 70 70 70 70 70 70 70 70 76 106 80 70 70 70 70 70 70 70 70 70 70 70 70 70 70 70 70 70 70 70 70 70 70 70 70 70 70 70 70 70 70 70 70
23 23 23 23 24 23 23 13 23 0 22 22 22 22 21 22 0 0 9 1 5 0 0 0 0 0 0 0 0 23 23 23 10 11 11 11 11 11 11 11 11 11 32 23 23 24 23 23 23 23 23 24 23 23 80 100 70 70 100 70 84 75 70 70 80 96 95 70 70 96 95 70 76 70 70 80 70 70 70 70 70 70 70 76 40 43 40 40 51 47 40 40 42 40 40 40 40 40 40 40 43 40 80 70 70 70 70 70 70 70 70 70 70 70 70 70 70 70 70 70 70 70 70 70 70 70 70 70 70 70 70 70 70 70 70 70 70 70 70 70 76 106 80 70 70 70 70 70 70 70 70 70 70 70 70 70 70 70 70 70 70 70 70 70 70 70 70 70 70 70 70 70 70 70 70
23 23 23 23 23 23 23 13 24 0 0 22 22 22 22 22 22 0 9 1 5 0 19 0 0 0 0 0 23 0 23 23 17 23 23 0 23 23 23 23 23 23 23 23 23 23 23 23 23 23 23 23 23 23 80 100 70 100 100 70 70 76 70 70 80 70 70 70 70 70 70 70 76 70 70 80 70 70 97 70 70 70 70 76 41 42 40 40 51 47 40 40 40 40 40 40 40 42 40 40 43 40 80 70 70 70 70 70 70 70 70 70 70 70 70 70 70 70 70 70 70 70 70 70 70 70 70 70 70 70 70 70 70 70 70 70 70 70 70 70 76 106 80 70 70 70 70 70 70 70 70 70 70 70 70 70 70 70 70 70 70 70 70 70 70 70 70 70 70 70 70 70 70 70 70
23 23 23 23 24 23 23 13 24 23 0 22 22 22 22 0 0 0 9 1 5 19 19 19 0 0 0 19 10 11 11 11 32 23 23 24 23 23 23 23 23 23 23 23 23 24 23 23 23 23 23 23 23 23 80 100 70 100 70 70 70 76 70 70 79 82 70 70 70 70 70 70 76 70 70 80 70 70 70 70 70 70 70 76 40 40 40 40 51 47 40 43 40 42 40 40 40 40 43 40 40 40 80 70 70 70 70 70 70 70 70 70 70 70 70 70 70 70 70 70 70 70 70 70 70 70 70 70 70 70 70 70 70 70 70 70 70 70 70 70 76 106 80 70 70 70 70 70 70 70 70 70 70 70 70 70 70 70 70 70 70 70 70 70 70 70 70 70 70 70 70 70 70 70 70
23 23 23 23 23 23 23 13 23 23 0 0 22 22 0 22 0 0 9 1 5 0 19 19 0 0 19 19 17 23 23 23 23 23 23 23 23 0 23 24 23 23 0 24 23 23 23 23 23 24 23 23 23 23 80 100 70 100 70 70 70 76 70 70 70 80 70 70 70 70 70 70 76 70 70 80 70 70 70 70 70 70 70 76 43 40 56 40 51 47 40 40 40 40 40 40 40 40 40 40 40 40 80 70 70 70 70 70 70 70 70 70 70 70 70 70 70 70 70 70 70 70 70 70 70 70 70 70 70 70 70 70 70 70 70 70 70 70 70 70 76 106 80 70 70 70 70 70 70 70 70 70 70 70 70 70 70 70 70 70 70 70 70 70 70 70 70 70 70 70 70 70 70 70 70
23 23 23 23 23 23 23 13 23 23 23 0 22 0 0 0 0 0 9 1 5 0 0 0 0 0 19 19 17 23 23 23 24 23 23 23 23 0 0 23 23 23 23 23 23 23 23 23 23 23 23 24 23 23 80 100 70 100 70 70 70 76 70 70 70 80 70 97 70 70 70 70 76 70 70 80 70 70 70 70 70 70 70 76 43 40 40 40 51 55 45 45 45 46 40 40 40 42 40 40 40 42 80 70 70 70 70 70 70 70 70 70 70 70 70 70 70 70 70 70 70 70 70 70 70 70 70 70 70 70 70 70 70 70 70 70 70 70 70 70 76 106 80 70 70 70 70 70 70 70 70 70 70 70 70 70 70 70 70 70 70 70 70 70 70 70 70 70 70 70 70 70 70 70 70
23 23 23 23 23 23 23 13 23 23 0 23 0 0 0 0 0 0 9 1 5 0 0 0 0 0 19 19 17 23 0 23 23 23 23 0 25 26 23 0 23 23 23 23 23 23 24 23 23 23 23 23 23 23 80 100 70 100 70 70 70 76 97 70 70 80 70 70 70 70 70 70 76 70 70 80 70 70 70 70 70 70 70 76 40 40 40 40 50 49 49 49 53 47 40 40 58 40 40 40 40 40 80 70 70 70 70 70 70 70 70 70 70 70 70 70 70 70 70 70 70 70 78 78 78 78 78 78 78 78 78 78 78 78 78 78 78 78 78 78 77 106 79 78 78 78 78 78 78 78 78 78 78 78 78 78 78 78 78 78 78 78 78 78 78 78 78 78 78 78 78 78 78 78 78
23 23 23 23 23 23 23 13 24 23 23 0 0 0 0 0 0 0 9 1 31 3 3 4 0 0 19 0 17 23 24 23 23 23 23 23 23 23 23 23 23 23 23 23 23 23 23 23 23 24 23 23 23 23 80 100 70 100 70 70 70 84 75 70 70 80 70 97 70 70 70 70 76 70 70 79 82 70 70 70 70 70 70 76 43 40 40 40 40 40 40 40 51 47 40 57 58 40 40 40 43 40 80 70 70 70 70 70 70 70 70 70 70 70 70 70 70 70 70 70 70 76 101 101 101 101 101 101 101 101 108 108 101 108 108 101 101 101 101 101 101 106 101 101 101 101 101 101 101 101 101 101 101 101 101 101 108 101 101 101 101 101 101 108 108 108 108 108 108 108 108 108 108 108 108
23 23 24 23 24 23 23 13 23 23 0 0 0 0 0 0 0 0 9 1 1 1 1 5 0 0 0 0 17 23 23 0 23 23 23 23 23 23 23 23 23 23 23 23 23 23 23 23 23 23 23 23 23 23 80 100 70 100 100 70 70 70 76 97 70 80 70 70 70 70 70 70 76 70 70 70 80 70 70 70 70 70 70 76 40 42 40 40 43 40 40 42 51 47 40 40 57 58 40 40 40 40 80 70 70 70 70 70 70 70 70 70 70 70 70 70 70 70 70 70 70 76 101 101 101 101 101 101 108 101 101 108 108 108 108 108 101 101 101 101 101 106 101 101 101 101 101 101 101 101 101 101 101 101 101 108 108 101 108 101 108 101 108 108 108 108 108 108 108 108 108 108 108 108 108
23 23 23 23 23 23 23 13 24 23 0 0 0 0 0 0 0 0 8 7 7 29 1 5 0 0 0 0 17 23 23 23 23 34 15 15 15 15 35 23 24 23 23 23 23 23 23 23 23 23 23 23 23 23 80 100 70 70 100 70 70 70 76 70 70 80 70 70 70 70 70 70 76 70 70 70 80 70 70 70 70 70 70 76 40 42 40 40 40 40 40 40 51 47 40 41 57 58 40 40 40 40 80 70 70 70 70 70 70 70 70 70 70 70 70 70 70 70 70 70 70 76 101 101 101 101 101 101 108 108 108 101 108 108 108 101 101 101 101 101 101 106 101 101 101 101 101 101 101 101 101 101 101 101 101 101 108 108 101 108 108 101 108 108 108 108 108 108 108 108 108 108 108 108 108
23 23 23 23 23 24 23 13 23 23 24 0 0 0 22 22 0 0 0 0 0 9 1 5 0 0 0 19 17 23 0 23 23 13 0 0 19 0 17 23 23 0 23 23 24 23 23 23 23 23 23 23 23 23 80 100 100 70 100 70 93 94 76 70 70 80 70 70 70 70 93 94 76 70 70 70 80 70 70 70 70 70 70 76 40 43 41 40 40 40 40 40 51 47 40 57 40 40 40 40 40 40 80 70 70 70 70 70 70 70 70 70 70 70 70 70 70 70 70 70 70 76 101 101 101 101 101 101 108 108 108 101 108 108 101 108 101 101 101 101 101 106 101 101 101 101 101 101 101 101 101 101 101 101 101 101 101 101 108 101 108 108 108 101 108 108 108 108 108 108 108 108 108 108 108
23 23 23 23 24 23 23 13 23 23 0 0 22 0 22 22 22 0 0 0 0 9 1 5 0 0 19 19 17 23 23 23 23 13 19 0 0 19 17 23 23 23 23 23 23 23 23 23 23 23 23 23 23 23 80 70 100 70 100 100 96 95 76 70 70 80 70 70 70 70 96 95 84 75 70 70 80 70 70 70 70 70 70 76 40 40 40 56 40 40 43 40 51 47 40 40 58 40 40 40 40 40 80 70 70 70 70 70 70 70 70 70 70 70 70 70 70 70 70 70 70 76 101 101 101 101 101 101 101 101 101 108 108 108 101 101 101 101 101 101 101 106 101 101 101 101 101 101 101 101 101 101 101 101 101 101 101 101 108 101 101 101 101 108 108 108 108 108 108 108 108 108 108 108 108
24 23 23 23 23 23 23 13 24 23 23 0 22 22 22 22 22 0 0 0 0 9 1 5 0 0 0 0 17 23 23 23 23 13 19 0 0 0 17 23 23 23 23 23 23 23 23 23 23 23 23 23 23 23 80 70 100 70 70 100 70 70 76 70 70 80 70 70 70 70 70 70 70 76 70 70 80 70 70 70 70 70 70 76 40 40 40 56 40 40 40 40 51 47 40 43 43 41 41 42 40 40 80 70 70 70 70 70 70 70 70 70 70 70 70 70 70 70 70 70 70 76 101 101 101 101 108 101 108 108 101 108 101 101 112 112 112 112 112 112 112 106 112 112 112 112 112 112 112 101 101 101 101 101 101 101 108 101 101 101 101 101 108 101 108 108 108 108 108 108 108 108 108 108 108
24 23 23 24 24 23 23 13 23 23 23 0 22 21 22 22 22 0 0 0 0 9 1 5 0 0 19 19 16 15 15 15 15 14 19 0 0 0 16 15 15 15 15 35 23 23 24 23 23 23 23 23 23 23 80 70 100 100 70 100 70 81 77 70 70 80 70 70 70 70 70 93 94 76 70 70 80 70 70 70 70 70 70 76 40 40 40 40 40 40 42 40 51 47 40 42 42 40 40 40 40 40 80 70 70 70 70 70 70 70 70 70 70 70 70 70 70 70 70 70 70 76 101 101 101 101 108 101 101 101 108 101 112 112 112 112 112 112 112 112 112 106 112 112 112 112 112 112 112 112 112 101 101 101 101 101 108 108 101 108 101 108 101 101 108 108 108 108 108 108 108 108 108 108 108
23 23 23 23 23 23 23 13 23 23 0 22 22 22 22 21 22 0 0 0 0 9 1 5 0 0 0 19 19 19 19 19 19 0 0 0 0 0 19 0 0 0 0 17 23 23 24 23 23 23 23 23 23 23 80 70 70 100 70 100 70 76 70 70 70 80 70 70 70 70 70 96 95 76 70 70 80 70 70 70 70 70 70 76 40 40 40 40 40 40 40 43 51 47 200 40 40 40 40 40 40 56 80 70 70 70 70 70 70 70 70 70 70 70 70 70 70 70 70 70 70 76 101 101 101 101 101 101 101 108 108 112 112 112 112 112 112 112 112 112 112 106 112 112 112 112 112 112 112 112 112 112 101 101 101 101 101 101 108 108 101 101 108 108 108 108 108 108 108 108 108 108 108 108 108
23 23 23 23 23 23 23 13 24 0 0 22 22 22 21 22 22 22 0 0 0 9 1 5 0 0 0 0 0 0 19 19 0 0 0 0 0 0 0 0 0 0 0 17 23 23 23 23 24 23 23 23 23 23 80 70 70 100 70 100 70 76 70 70 70 80 70 70 70 70 70 70 70 76 70 70 80 70 70 70 70 70 70 76 40 40 40 40 40 40 40 40 51 47 40 40 40 40 40 40 43 40 80 70 70 70 70 70 70 70 70 70 70 70 70 70 70 70 70 70 70 76 101 101 101 101 101 101 101 101 101 112 112 112 112 112 113 101 101 113 101 106 101 101 101 101 113 112 112 112 112 112 101 101 101 101 101 101 101 108 108 101 108 108 108 108 108 108 108 108 108 108 108 108 108
23 23 23 23 23 23 23 13 23 23 0 0 22 22 22 0 22 22 0 0 0 9 1 5 0 0 0 0 0 0 0 0 0 0 0 0 0 0 0 0 22 22 0 17 23 23 23 23 23 23 23 23 23 23 80 70 70 100 70 100 70 76 70 70 73 83 70 70 70 70 70 70 70 76 70 70 79 78 78 78 78 78 82 76 40 40 40 40 40 40 40 40 51 47 40 40 40 40 40 40 56 56 80 70 70 70 70 70 70 70 70 70 70 70 70 70 70 70 70 70 70 76 101 101 101 101 101 101 101 101 112 112 112 112 112 101 101 101 101 101 101 106 101 101 101 101 101 101 112 112 112 112 112 101 101 108 101 101 101 101 101 101 108 108 108 108 108 108 108 108 108 108 108 108 108
23 23 23 23 23 23 23 13 23 0 0 22 22 22 22 0 0 0 0 0 0 9 1 5 0 0 0 0 0 0 0 0 0 0 0 0 0 0 0 22 22 22 22 17 23 23 23 23 23 23 23 23 23 24 80 70 70 100 70 100 70 76 70 70 80 70 97 70 70 70 70 70 70 76 70 70 70 70 70 40 70 40 79 77 40 40 44 45 45 45 45 45 54 47 40 42 41 40 43 40 40 56 80 70 70 70 70 70 70 70 70 70 70 70 70 70 70 70 70 70 70 76 101 101 101 101 101 101 101 101 112 112 112 112 112 113 101 101 101 101 101 106 101 101 101 101 101 101 112 112 112 112 112 101 101 101 101 101 101 101 101 108 101 101 108 108 108 108 108 108 108 108 108 108 108
23 23 23 23 23 23 23 13 0 0 0 0 0 22 0 0 0 0 0 0 0 9 1 31 3 3 3 3 3 3 3 3 3 3 3 3 3 3 3 3 3 3 4 17 23 24 23 23 23 23 23 23 23 23 80 70 70 100 70 100 70 76 70 70 80 70 70 70 70 70 70 70 70 76 70 70 70 70 70 70 40 70 40 40 40 40 50 49 49 49 49 49 49 48 42 43 43 40 40 40 40 56 80 70 70 70 70 70 70 70 70 70 70 70 70 70 70 70 70 70 70 76 101 101 101 101 101 101 101 101 112 112 112 112 112 101 101 101 101 101 101 106 101 101 101 101 101 113 112 112 112 112 112 101 101 101 101 101 101 101 108 108 108 101 108 108 108 108 108 108 108 108 108 108 108
23 23 23 24 23 23 23 13 0 0 0 0 0 0 0 0 0 0 0 0 0 9 1 1 1 1 1 1 1 1 1 1 1 1 1 1 1 1 1 1 1 1 5 17 23 23 23 23 23 23 24 23 23 23 80 70 97 100 70 100 70 76 70 70 80 70 97 70 70 70 70 70 70 76 70 70 70 70 40 70 70 40 73 75 40 40 40 40 40 40 40 40 40 40 40 41 40 56 40 56 40 56 80 70 70 70 70 70 70 70 70 70 70 70 70 70 70 70 70 70 70 76 101 101 108 101 101 101 101 101 112 112 112 112 112 113 101 101 101 101 101 106 101 101 101 101 101 101 112 112 112 112 112 101 101 101 101 108 108 101 108 108 108 108 108 108 108 108 108 108 108 108 108 108 108
23 24 23 23 23 23 23 13 0 0 0 0 0 0 0 0 0 0 0 0 0 8 7 7 7 7 7 7 7 7 7 7 7 7 7 7 7 7 7 7 29 1 5 17 23 23 23 23 23 23 23 23 23 23 80 70 70 100 70 100 70 76 70 70 80 97 70 70 97 70 70 70 70 84 74 74 74 74 74 74 74 74 83 76 40 40 40 40 40 40 40 40 40 40 40 41 56 40 40 56 40 56 80 70 70 70 70 70 70 70 70 70 70 70 70 70 70 70 70 70 70 76 101 101 101 101 101 101 101 101 112 112 112 112 112 101 101 101 101 101 101 101 101 101 101 101 101 101 112 112 112 112 112 101 101 101 101 108 108 101 101 108 101 101 108 108 108 108 108 108 108 108 108 108 108
23 23 23 23 23 23 23 13 0 0 0 0 0 0 0 0 0 0 0 19 10 11 11 11 11 11 11 11 11 11 11 11 11 11 11 11 11 11 11 12 9 1 5 17 23 23 23 23 23 23 23 23 23 23 80 70 70 100 70 100 70 76 70 70 80 70 97 97 70 70 70 70 70 70 70 70 70 70 70 70 70 70 70 76 40 40 40 40 40 40 40 40 40 40 40 40 56 40 56 56 56 56 80 70 70 70 70 70 70 70 70 70 70 70 70 70 70 70 70 70 70 76 101 108 101 101 101 101 101 101 112 112 112 112 112 113 101 101 101 101 101 113 101 101 101 101 101 113 112 112 112 112 112 101 101 101 101 101 101 108 101 101 108 108 108 108 108 108 108 108 108 108 108 108 108
23 23 23 24 23 24 23 13 0 0 0 0 0 0 0 0 0 19 0 19 17 21 21 21 21 21 21 21 21 21 21 21 21 21 21 21 21 21 21 13 9 1 5 17 23 23 23 23 23 23 23 23 23 23 80 70 70 100 70 100 70 76 70 70 79 78 78 78 78 82 70 70 70 70 70 70 70 70 70 70 70 70 70 84 74 74 74 74 74 74 74 74 74 74 74 74 74 74 74 74 74 74 83 70 70 70 70 70 70 70 70 70 70 70 70 70 70 70 70 70 70 76 101 101 101 101 101 101 108 101 112 112 112 112 112 113 101 101 101 101 101 101 101 101 101 101 101 101 112 112 112 112 112 101 101 101 101 108 101 101 101 101 108 101 108 108 108 108 108 108 108 108 108 108 108
23 24 23 23 23 23 23 13 0 0 0 0 0 0 0 0 19 19 19 19 17 21 21 22 21 21 22 21 21 22 21 21 22 21 21 21 21 21 21 13 9 1 5 17 23 23 23 23 23 23 23 23 23 23 80 70 100 100 70 100 70 76 70 70 70 70 70 70 97 79 82 70 70 70 70 70 70 70 70 70 70 70 70 81 90 90 90 90 90 82 70 70 70 70 70 70 70 70 70 70 70 70 70 81 90 82 70 70 70 70 70 70 70 70 70 70 70 70 70 70 70 76 101 101 101 101 108 101 101 101 112 112 112 112 112 113 101 101 101 101 101 106 101 101 101 101 101 101 112 112 112 112 112 101 101 101 101 101 108 101 101 108 108 101 108 108 108 108 108 108 108 108 108 108 108
23 24 23 23 23 23 23 13 22 0 0 0 0 0 0 22 10 11 11 11 32 21 21 22 21 22 0 22 21 22 21 22 0 22 21 21 21 21 23 13 9 1 5 17 23 23 23 23 23 23 23 23 23 23 80 70 100 70 70 100 70 76 70 70 70 70 70 70 70 70 79 82 70 70 70 70 70 70 70 70 70 97 70 88 71 71 71 71 71 92 70 93 94 70 70 70 70 70 70 70 97 70 70 88 71 92 70 97 70 70 70 70 70 70 70 70 70 70 70 70 70 76 101 101 108 101 101 101 101 101 112 112 112 112 112 101 101 101 101 101 101 106 101 101 101 101 101 113 112 112 112 112 112 101 101 101 101 101 108 101 101 101 101 108 108 108 108 108 108 108 108 108 108 108 108
23 23 23 23 23 23 24 13 22 22 0 0 0 0 0 22 17 23 23 23 23 21 21 22 21 22 0 22 21 22 21 22 0 22 21 21 21 21 23 13 9 1 5 17 24 23 23 23 23 24 23 23 23 23 80 70 100 70 100 70 70 84 74 74 75 70 70 70 70 70 70 80 70 70 81 90 90 90 90 90 90 82 70 84 86 86 86 87 71 92 70 96 95 81 90 90 90 90 90 90 90 90 90 89 71 92 70 70 70 70 70 70 70 70 70 70 70 70 70 70 70 76 108 101 101 108 101 108 101 101 112 112 112 112 112 101 101 101 101 101 101 106 101 101 101 101 101 101 112 112 112 112 112 101 101 101 101 101 101 101 108 101 108 101 108 108 108 108 108 108 108 108 108 108 108
23 23 23 23 23 23 23 13 22 22 22 22 0 22 22 22 17 23 24 24 23 21 21 22 21 21 22 21 21 22 21 21 22 21 21 21 21 23 23 13 9 1 5 17 24 23 23 23 23 23 23 23 23 23 80 70 100 70 100 70 70 70 70 70 84 74 74 75 70 70 70 80 70 70 88 71 71 71 71 71 71 92 70 70 70 70 70 88 71 92 70 70 70 88 71 71 71 71 71 71 71 71 71 71 71 92 70 70 70 70 70 70 70 70 70 70 70 70 70 70 70 76 101 108 101 108 101 108 108 101 112 112 112 112 112 101 101 101 101 101 101 106 200 101 101 101 101 113 112 112 112 112 112 101 101 101 101 101 101 101 101 108 101 101 108 108 108 108 108 108 108 108 108 108 108
23 23 23 23 24 24 24 13 22 22 22 22 0 0 22 22 17 23 0 23 23 23 21 21 21 21 21 21 21 21 21 21 21 21 21 21 23 23 23 13 9 1 5 17 23 23 23 23 23 23 23 23 23 23 80 70 100 70 100 70 70 70 70 70 93 94 70 76 70 70 70 80 70 70 88 71 85 86 86 87 71 92 70 70 70 70 70 88 71 92 70 70 70 84 87 71 85 86 86 86 86 86 86 86 86 83 81 90 82 70 70 70 70 70 70 70 70 70 70 70 70 76 101 101 101 101 108 101 101 101 112 112 112 112 112 112 113 101 101 101 101 106 101 101 101 113 101 112 112 112 112 112 112 101 101 101 101 101 101 101 101 101 108 108 108 108 108 108 108 108 108 108 108 108 108
23 23 23 23 23 23 23 13 22 0 22 22 0 22 22 22 17 23 24 23 23 23 23 23 23 23 0 23 23 23 23 23 23 23 23 0 23 23 23 13 9 1 5 17 23 23 23 23 23 23 23 23 23 23 80 70 100 70 100 70 70 70 70 70 96 95 70 76 70 70 70 80 93 94 88 71 92 70 70 88 71 92 81 90 90 90 90 89 71 91 90 90 90 90 89 71 91 90 90 90 90 90 90 90 90 90 89 71 92 70 70 70 70 70 70 70 70 70 70 70 70 76 101 108 108 108 101 101 101 108 101 112 112 112 112 112 112 112 112 112 101 106 101 112 112 112 112 112 112 112 112 112 101 101 101 101 101 101 101 101 101 108 101 101 108 108 108 108 108 108 108 108 108 108 108
23 23 23 23 23 23 23 13 22 22 22 21 0 21 22 22 17 23 23 24 23 23 23 24 23 23 23 23 23 23 23 23 0 23 23 23 23 24 23 13 9 1 5 17 23 23 23 23 24 23 23 23 23 23 80 70 100 70 100 70 70 70 70 70 70 70 70 76 70 70 70 80 96 95 88 71 92 70 70 88 71 91 89 71 71 71 71 71 71 71 71 71 71 71 71 71 71 71 71 71 71 71 71 71 71 71 71 71 92 70 70 70 70 70 70 70 70 70 70 70 70 76 101 101 108 108 101 108 108 108 108 112 112 112 112 112 112 112 112 112 101 106 101 112 112 112 112 112 112 112 112 112 101 101 101 101 101 101 101 101 108 101 108 101 108 108 108 108 108 108 108 108 108 108 108
24 23 24 23 23 23 23 13 22 22 21 21 200 21 21 22 17 23 23 23 23 24 23 23 23 23 23 23 23 24 23 23 23 23 23 23 23 23 23 13 9 1 5 17 23 24 23 23 23 23 23 23 23 23 80 70 100 70 100 70 70 97 70 97 70 70 70 76 70 70 70 80 97 97 88 71 92 70 70 88 71 71 71 71 85 86 86 86 86 86 86 86 86 86 86 86 86 86 86 86 86 86 86 86 86 86 87 71 92 70 70 70 70 70 70 70 70 70 70 70 70 76 101 101 108 108 101 108 108 108 101 101 112 112 112 112 112 112 112 112 112 106 112 112 112 112 112 112 112 112 112 101 101 101 101 101 101 101 101 101 101 101 108 101 108 108 108 108 108 108 108 108 108 108 108
23 23 23 23 23 23 23 13 22 22 21 21 21 21 21 22 17 23 23 0 23 23 0 23 23 23 23 23 23 24 23 23 23 23 23 23 0 23 23 13 9 1 5 17 23 23 23 23 23 23 23 23 23 23 80 70 100 70 100 70 70 70 70 70 97 97 70 88 99 99 99 92 97 70 88 71 92 70 70 88 71 85 86 86 83 81 90 90 90 90 90 90 90 90 90 90 90 90 90 90 90 90 90 90 90 90 89 71 92 70 70 70 70 70 70 70 70 70 70 70 70 76 101 108 101 108 101 108 101 101 101 101 101 101 112 112 112 112 112 112 112 106 112 112 112 112 112 112 112 101 101 101 101 101 101 108 101 101 101 101 101 101 108 101 108 108 108 108 108 108 108 108 108 108 108
23 23 23 23 23 24 23 13 0 22 22 21 21 21 22 22 17 23 23 23 23 23 23 23 23 24 23 23 23 23 23 23 23 0 24 23 23 23 23 13 9 1 5 17 23 23 23 23 23 24 24 23 23 23 80 97 100 70 100 70 70 70 70 70 70 70 70 88 71 71 71 92 70 70 88 71 92 70 70 88 71 91 90 82 70 88 71 71 71 71 71 71 71 71 71 71 71 71 71 71 71 71 71 71 71 71 71 71 92 70 70 70 70 70 70 70 70 70 70 70 70 76 108 108 101 101 108 108 108 101 101 101 101 101 101 101 101 101 112 112 112 106 112 112 112 101 101 101 101 101 101 101 101 101 101 101 101 101 101 101 101 108 101 101 108 108 108 108 108 108 108 108 108 108 108
23 23 23 23 23 23 23 13 22 22 22 22 21 22 22 22 17 23 23 23 23 23 23 23 23 23 23 24 23 23 23 23 23 23 23 23 23 24 23 13 9 1 5 17 23 23 23 23 23 23 23 23 23 23 80 70 100 70 100 100 70 81 90 90 90 90 90 89 71 71 71 92 70 81 89 71 91 90 82 88 71 71 71 92 97 88 71 85 86 86 86 86 86 86 86 86 86 87 71 85 87 71 85 86 86 87 71 85 83 70 70 70 70 70 70 70 70 70 70 70 70 76 101 108 108 108 108 108 101 101 101 101 101 101 101 101 101 101 112 112 112 106 112 112 112 101 101 101 101 101 101 101 101 101 101 101 101 101 101 101 101 101 108 101 108 108 108 108 108 108 108 108 108 108 108
23 23 23 23 23 23 23 33 11 11 11 11 11 11 11 11 32 23 23 23 23 23 23 23 23 23 23 23 23 23 23 23 23 23 23 23 23 23 23 13 9 1 5 17 23 23 23 23 23 23 23 23 23 23 80 70 100 70 70 100 70 88 71 71 71 71 71 71 71 71 71 92 70 88 71 71 71 71 92 84 86 87 71 92 70 88 71 91 90 90 90 90 90 90 90 90 82 84 86 83 88 71 92 70 97 88 71 91 90 82 70 70 70 70 70 70 70 70 70 70 70 76 101 108 101 108 108 101 101 101 101 101 101 101 101 101 101 101 112 112 112 106 112 112 112 101 101 101 101 101 101 101 101 101 101 101 101 101 101 101 101 108 108 108 108 108 108 108 108 108 108 108 108 108 108
23 23 23 23 23 23 23 23 23 23 23 23 23 23 23 24 23 23 23 23 23 23 23 24 23 23 23 23 24 23 23 23 23 23 23 0 23 24 23 13 9 1 5 17 23 23 23 23 23 23 24 23 23 23 80 70 100 100 70 100 70 88 71 85 86 86 86 86 86 86 86 83 70 88 71 85 86 86 83 70 70 88 71 92 70 88 71 71 71 71 71 71 71 71 71 71 92 70 70 70 88 71 92 70 70 88 71 71 71 92 70 70 70 70 70 70 70 70 70 70 70 76 101 101 108 108 108 101 101 101 101 101 101 101 101 101 101 101 101 101 101 106 101 101 101 101 101 101 101 101 101 101 101 101 101 101 101 101 101 108 101 108 101 101 108 108 108 108 108 108 108 108 108 108 108
23 23 24 23 23 23 23 23 23 23 23 24 23 23 23 23 23 23 24 23 23 23 23 24 24 23 23 23 23 0 23 23 23 0 23 23 23 23 23 13 9 1 5 17 23 23 23 23 23 23 23 23 23 23 80 70 70 100 70 100 70 88 71 92 70 70 70 70 70 70 70 70 70 84 86 83 70 70 70 70 70 88 71 92 70 84 86 86 86 86 86 86 86 86 86 86 83 70 81 90 89 71 92 70 70 84 86 87 71 92 70 70 70 70 70 70 70 70 70 70 70 76 108 108 101 101 101 101 101 101 101 101 101 101 101 101 101 101 109 101 101 106 101 101 109 101 101 101 101 101 101 101 101 101 101 101 101 101 101 101 101 108 108 101 108 108 108 108 108 108 108 108 108 108 108
23 23 23 23 23 23 23 23 23 24 23 23 0 23 23 23 23 23 23 23 23 0 23 23 0 23 23 23 24 23 23 23 23 23 23 23 24 23 23 13 9 1 5 17 23 23 23 24 23 23 24 23 23 23 80 70 70 100 70 100 70 88 71 92 70 81 90 90 90 90 90 90 90 90 90 90 90 90 90 90 90 89 71 91 90 90 90 90 90 90 82 81 90 90 90 90 82 70 88 71 71 71 91 90 90 90 82 84 86 83 97 70 70 70 70 70 70 70 70 70 70 76 101 108 101 101 101 101 101 101 101 101 108 101 101 101 101 101 111 101 101 106 101 101 111 101 101 101 101 101 101 101 101 101 101 101 101 101 101 108 101 108 108 101 108 108 108 108 108 108 108 108 108 108 108
23 23 23 23 23 24 23 23 23 0 23 23 23 23 23 24 23 0 23 23 23 23 24 23 23 23 23 23 23 23 23 23 23 23 23 23 23 24 23 13 9 1 5 17 23 24 23 23 23 23 23 23 23 23 80 70 70 100 70 100 70 88 71 92 70 88 71 71 71 71 71 71 71 71 71 71 71 71 71 71 71 71 71 71 71 71 71 71 71 71 92 88 71 71 71 71 92 70 84 86 87 71 71 71 71 71 92 70 70 70 70 70 70 70 70 70 70 70 70 70 70 76 101 101 101 101 101 101 101 101 101 101 101 101 101 101 101 101 101 101 101 106 101 101 101 101 101 101 101 101 101 101 101 101 101 101 101 101 108 101 108 101 101 108 108 108 108 108 108 108 108 108 108 108 108
23 23 24 23 23 24 23 23 23 23 24 23 23 23 23 23 23 23 23 23 23 23 23 23 23 23 23 23 23 23 23 24 23 23 23 23 23 23 23 13 8 7 6 17 23 23 23 23 24 23 23 23 23 23 80 70 70 100 70 100 70 88 71 92 70 88 71 85 86 86 86 86 86 86 87 71 85 86 86 87 71 85 86 86 86 86 86 86 87 71 92 88 71 85 87 71 92 70 70 70 84 86 86 86 87 71 92 70 70 70 70 70 70 70 70 70 70 70 70 70 70 76 101 101 101 101 101 101 101 101 101 101 101 101 101 101 108 101 101 101 101 106 101 101 101 101 101 101 101 101 101 108 101 101 101 101 101 101 101 108 101 101 108 101 108 108 108 108 108 108 108 108 108 108 108
23 24 24 23 23 23 23 34 15 15 15 15 15 15 15 15 15 15 15 15 15 15 15 15 15 15 15 15 15 15 15 15 15 15 15 15 15 15 15 14 20 0 20 16 15 15 35 23 23 23 23 23 23 23 80 70 70 100 70 100 70 88 71 92 70 88 71 92 70 70 70 70 70 70 88 71 92 70 97 88 71 92 70 81 90 82 70 81 89 71 91 89 71 92 88 71 91 90 90 90 90 90 90 90 89 71 91 90 90 90 90 82 70 70 70 70 70 70 70 70 70 76 101 108 101 101 101 101 101 101 101 101 101 101 101 108 108 101 101 101 101 106 101 101 101 101 101 101 101 101 101 101 101 101 108 101 108 108 108 101 101 101 108 101 108 108 108 108 108 108 108 108 108 108 108
23 23 23 23 23 23 23 13 21 22 22 0 0 0 0 0 0 0 0 0 0 0 0 0 0 0 0 0 0 0 0 0 0 0 0 0 0 20 20 20 2 3 4 20 20 20 17 23 23 23 23 23 23 23 80 70 70 100 70 100 70 88 71 92 70 88 71 91 90 90 90 90 82 97 88 71 92 70 70 84 86 83 70 88 71 92 70 88 71 71 71 71 71 92 88 71 71 71 71 71 71 71 71 71 71 71 71 71 71 71 71 91 90 90 90 90 90 82 70 70 70 76 101 101 101 101 101 101 101 101 101 101 101 101 101 108 101 101 102 107 107 104 101 101 101 101 108 101 101 101 101 108 101 101 108 108 101 101 101 101 101 108 101 108 108 108 108 108 108 108 108 108 108 108 108
23 23 23 23 23 23 23 13 22 22 0 0 0 0 0 0 0 0 0 19 0 0 0 0 0 0 19 2 3 3 3 3 3 3 3 3 3 3 3 3 30 1 5 0 0 0 17 23 23 23 23 23 23 23 80 70 70 100 70 100 70 88 71 92 70 88 71 71 71 71 71 71 92 70 88 71 91 90 90 90 90 90 90 89 71 92 70 84 86 86 86 86 86 83 84 86 86 86 86 86 86 86 86 86 87 71 71 71 71 71 71 71 71 71 71 71 71 92 70 70 70 76 101 101 101 101 101 101 101 101 101 101 101 101 101 108 101 101 106 101 101 101 101 108 101 108 108 101 101 101 108 101 108 108 101 101 108 101 101 101 101 108 101 108 108 108 108 108 108 108 108 108 108 108 108
23 23 23 23 23 23 23 13 22 0 0 0 0 0 0 0 0 0 0 0 0 0 0 0 0 19 19 9 1 1 1 1 1 1 1 1 1 1 1 1 1 1 5 0 0 0 17 23 23 23 23 23 24 23 80 70 70 100 70 100 70 88 71 92 97 84 86 86 86 86 87 71 92 70 88 71 71 71 71 71 71 71 71 71 71 92 70 70 70 70 70 70 70 70 70 70 81 90 90 90 90 90 90 90 89 71 71 71 71 71 71 71 71 71 71 71 71 92 70 70 70 76 101 101 101 101 101 101 101 101 101 101 101 101 101 108 101 101 106 101 101 101 101 108 108 101 101 108 108 101 108 101 101 101 101 101 101 101 101 200 101 101 108 101 108 108 108 108 108 108 108 108 108 108 108
24 23 24 23 23 23 23 13 0 0 0 0 0 0 19 0 0 19 19 20 0 0 0 0 0 19 19 9 1 28 7 7 7 7 7 7 7 7 7 7 7 7 6 0 0 0 17 23 23 24 23 23 23 23 80 70 70 88 71 92 70 88 71 91 90 90 90 90 90 90 89 71 92 70 84 86 86 86 86 86 86 86 86 87 71 92 81 90 90 90 90 90 82 70 70 97 88 71 71 71 71 71 71 71 71 71 71 71 71 71 71 85 86 86 87 71 71 92 70 70 70 76 101 101 101 101 101 101 101 101 101 101 101 101 101 101 108 101 106 101 101 101 101 101 101 101 101 101 101 108 101 101 101 101 101 101 101 101 101 101 101 108 101 101 108 108 108 108 108 108 108 108 108 108 108
23 23 23 23 23 23 23 13 0 0 0 0 0 0 0 0 19 20 19 0 19 0 0 0 0 0 19 9 1 5 0 0 0 0 0 0 0 0 0 0 0 0 0 0 0 0 17 23 23 23 23 23 23 23 80 70 70 88 71 92 70 88 71 71 71 71 71 71 71 71 71 71 92 70 70 81 90 90 90 90 90 90 82 88 71 92 88 71 71 71 71 71 92 70 70 70 88 71 85 86 86 86 86 86 86 86 86 86 86 86 86 83 70 70 88 71 71 92 70 70 70 76 101 101 101 101 101 101 101 101 101 101 101 101 101 101 101 101 105 107 107 107 107 107 107 107 107 107 107 107 107 107 107 107 107 107 107 107 103 101 101 101 108 101 108 108 108 108 108 108 108 108 108 108 108
23 23 23 23 23 23 23 13 0 0 0 0 0 0 0 0 20 19 0 0 0 0 0 0 0 0 19 9 1 5 0 0 0 0 0 0 0 0 0 0 19 0 0 0 0 0 17 23 23 23 23 24 23 23 80 70 70 88 71 92 70 84 86 86 86 86 86 87 71 85 86 86 83 70 70 88 71 71 71 71 71 71 92 88 71 92 88 71 85 86 86 86 83 81 90 82 88 71 91 90 90 90 90 90 82 70 70 70 70 70 70 70 70 70 88 71 71 92 70 70 70 76 101 101 101 101 101 108 101 101 101 101 101 101 101 101 101 101 101 101 101 101 101 101 101 101 101 101 101 101 101 108 101 101 101 101 101 101 106 101 101 101 108 101 108 108 108 108 108 108 108 108 108 108 108
23 23 23 23 23 23 23 13 0 0 0 0 0 19 0 20 19 19 0 0 2 3 3 3 3 3 3 30 1 31 3 3 3 3 3 3 4 0 0 0 0 0 0 0 0 0 17 23 23 23 23 23 23 23 80 70 70 88 71 92 70 70 70 70 70 93 94 88 71 92 70 70 97 70 97 88 71 85 86 86 87 71 92 88 71 92 88 71 92 70 70 70 70 88 71 92 88 71 71 71 71 71 71 71 92 70 70 70 70 70 70 70 70 70 88 71 71 92 70 70 70 76 101 101 101 101 101 101 101 101 101 101 101 101 101 108 101 101 101 101 101 101 101 101 101 101 101 101 101 108 101 101 101 101 108 101 101 101 106 101 108 101 101 101 108 108 108 108 108 108 108 108 108 108 108
23 23 23 23 24 23 23 13 0 0 0 0 0 0 0 20 19 0 0 0 9 1 1 1 1 1 1 1 1 1 1 1 1 1 1 1 5 0 19 0 0 19 0 0 0 0 17 23 23 23 23 23 23 23 80 70 70 88 71 92 81 90 82 70 70 96 95 88 71 92 81 90 90 90 90 89 71 92 97 70 88 71 92 88 71 92 88 71 92 70 93 94 81 89 71 92 84 86 86 86 86 86 87 71 92 70 81 90 82 70 70 70 70 70 88 71 71 92 70 70 70 76 101 108 101 108 108 108 108 101 108 101 108 108 108 108 108 101 108 108 108 108 101 108 108 101 108 108 108 108 101 108 101 101 101 101 101 101 106 108 101 108 101 108 108 108 108 108 108 108 108 108 108 108 108
23 23 24 23 23 23 23 13 0 0 0 0 0 19 0 19 0 0 19 0 9 1 1 1 1 1 1 1 1 1 1 1 1 1 1 1 5 0 0 0 20 19 20 19 0 0 17 23 23 24 24 23 23 23 80 70 70 88 71 91 89 71 91 90 82 70 70 88 71 92 88 71 71 71 71 71 71 92 70 70 88 71 92 88 71 92 88 71 92 70 96 95 88 71 71 92 81 90 90 90 90 90 89 71 92 70 88 71 92 70 70 70 70 70 88 71 71 92 70 70 70 76 108 108 108 108 108 108 101 108 108 108 108 108 108 108 108 108 108 108 108 108 101 108 108 108 108 101 108 108 108 108 108 108 101 108 101 101 106 108 108 101 101 101 108 108 108 108 108 108 108 108 108 108 108
23 23 23 23 23 23 23 13 0 0 0 0 0 19 0 0 0 0 0 0 9 1 1 1 1 1 1 1 1 1 1 1 1 1 1 1 5 0 19 0 19 19 19 19 0 0 17 23 23 23 23 23 23 23 80 70 70 88 71 71 71 71 71 71 92 70 70 88 71 92 88 71 85 86 86 87 71 92 70 97 88 71 92 88 71 92 88 71 92 70 70 70 88 71 85 83 88 71 71 71 71 71 71 71 92 70 88 71 92 70 70 70 70 70 88 71 71 92 70 70 70 76 108 108 108 108 101 108 108 108 108 108 108 108 101 101 108 101 101 108 101 108 101 108 101 108 108 108 108 108 108 108 101 108 108 108 101 101 106 101 108 101 108 101 108 108 108 108 108 108 108 108 108 108 108
23 23 23 23 23 23 23 13 0 0 0 0 0 0 0 0 0 0 0 0 9 1 1 1 1 1 1 1 1 1 1 1 1 1 1 1 5 0 0 0 19 19 20 0 0 0 17 23 23 23 23 23 23 23 80 70 70 84 86 87 71 85 87 71 92 70 70 88 71 92 88 71 92 70 70 88 71 92 70 70 88 71 92 88 71 92 88 71 92 70 70 70 88 71 92 70 88 71 85 86 86 86 86 86 83 70 88 71 92 70 70 70 70 70 88 71 71 92 70 70 70 76 101 108 101 108 101 108 101 108 108 108 101 101 101 101 101 101 101 101 101 101 108 108 101 101 101 108 101 101 101 108 101 108 101 101 101 101 106 101 101 108 108 101 108 108 108 108 108 108 108 108 108 108 108
23 24 23 23 23 23 23 13 0 0 0 0 0 0 0 0 0 0 0 0 9 1 1 1 1 1 1 1 1 1 1 1 1 1 1 1 5 0 0 0 19 19 19 0 0 0 17 23 24 23 23 23 23 23 80 70 70 70 70 84 86 83 88 71 92 70 70 88 71 92 88 71 92 70 70 88 71 92 70 70 88 71 92 88 71 92 88 71 92 81 90 90 89 71 92 97 88 71 91 90 90 90 90 90 90 90 89 71 91 82 70 70 70 70 88 101 71 92 70 70 70 76 101 101 101 101 101 101 101 101 101 101 101 101 101 101 101 101 101 101 101 101 101 101 101 101 101 101 101 108 101 101 101 101 101 101 101 101 106 101 108 108 101 108 108 108 108 108 108 108 108 108 108 108 108
23 23 23 23 23 23 23 13 0 0 0 0 0 19 19 0 19 0 0 0 9 1 1 1 1 1 1 1 1 1 1 1 1 1 1 1 5 0 0 19 0 19 0 19 0 0 17 23 23 23 23 24 23 23 80 70 70 70 70 70 70 70 88 71 92 70 70 88 71 92 88 71 92 70 70 88 71 92 81 90 89 71 92 88 71 92 88 71 92 88 71 71 71 71 92 70 88 71 71 71 71 71 71 71 71 71 71 71 71 92 70 70 70 70 88 71 71 92 70 70 70 76 101 101 101 109 101 101 101 101 101 101 102 107 107 107 107 107 107 107 107 107 103 101 101 101 101 101 108 101 101 101 101 101 101 102 107 107 104 101 101 101 108 101 108 108 108 108 108 108 108 108 108 108 108
23 23 23 23 23 23 23 13 0 0 0 0 0 0 19 19 0 19 0 0 9 1 1 1 1 1 1 1 1 1 1 1 1 1 1 1 5 0 0 19 0 0 0 0 0 0 17 23 24 23 23 24 23 23 80 70 70 70 70 70 81 90 89 71 91 90 90 89 71 92 88 71 92 70 97 88 71 92 88 71 71 71 92 88 71 92 88 71 92 88 71 85 87 71 92 70 84 86 86 86 86 86 86 86 86 86 86 87 71 92 70 70 70 70 88 101 71 92 70 70 70 76 101 101 101 111 101 101 109 101 101 101 106 101 101 101 101 101 101 101 101 101 106 101 101 101 101 101 101 101 101 101 101 101 101 106 101 101 101 108 101 108 108 101 108 108 108 108 108 108 108 108 108 108 108
23 23 23 24 23 24 23 13 0 0 0 0 0 0 19 19 19 0 0 0 9 1 1 1 1 1 1 1 1 1 1 1 1 1 1 1 5 0 0 0 0 0 0 0 0 0 17 23 23 23 24 23 23 23 80 70 70 70 70 70 88 71 71 71 71 71 71 71 71 92 88 71 92 70 70 88 71 92 88 71 85 86 83 88 71 92 88 71 92 88 71 92 88 71 92 70 81 90 82 70 81 90 82 70 70 70 70 88 71 92 70 70 70 70 88 71 101 92 70 70 70 76 101 101 101 101 101 101 111 101 101 101 106 101 101 101 101 101 101 101 101 101 105 107 107 107 107 107 107 107 107 107 107 107 107 104 101 101 101 101 101 101 108 101 108 108 108 108 108 108 108 108 108 108 108
23 23 23 23 23 23 23 13 0 0 0 0 0 19 0 20 19 20 0 0 8 7 7 7 7 7 7 29 1 28 7 7 7 7 7 7 6 0 0 0 0 0 0 0 0 0 17 23 23 23 23 23 23 23 80 70 70 70 70 70 88 71 85 86 86 86 86 86 86 83 88 71 92 70 70 88 71 92 88 71 92 70 70 88 71 92 88 71 92 88 71 92 88 71 91 90 89 71 91 90 89 71 91 90 82 70 97 88 71 92 70 70 70 70 88 71 71 92 70 70 70 76 101 101 101 101 101 101 101 101 101 101 106 101 101 101 101 101 101 101 101 101 101 101 101 101 101 101 101 101 101 101 101 101 101 101 101 101 101 101 101 108 101 108 108 108 108 108 108 108 108 108 108 108 108
23 23 24 24 23 23 23 13 0 0 0 0 0 0 0 0 19 19 19 0 0 0 0 0 0 0 0 9 1 5 0 0 0 0 0 0 0 0 0 0 0 19 19 20 0 0 17 23 23 23 23 23 23 23 80 70 70 70 70 70 88 71 92 81 90 82 70 81 90 90 89 71 92 70 70 88 71 92 88 71 92 70 70 88 71 92 88 71 92 88 71 92 88 71 71 71 71 71 71 71 71 71 71 71 92 70 70 88 71 92 70 70 70 70 88 71 101 91 78 78 78 77 101 107 107 107 107 107 107 107 107 107 104 101 101 101 101 101 101 101 101 101 101 101 101 101 101 101 101 101 101 101 101 101 101 101 101 101 101 101 108 101 101 101 108 108 108 108 108 108 108 108 108 108 108
23 23 23 23 23 23 23 13 0 0 0 0 0 0 0 0 0 19 0 19 0 0 0 0 0 0 19 9 1 5 19 0 0 0 0 0 0 0 0 19 19 20 19 0 0 0 17 23 23 23 23 23 23 23 80 70 70 70 70 70 88 71 92 88 71 92 70 88 71 71 71 71 92 70 70 88 71 92 88 71 92 93 94 88 71 92 88 71 92 88 71 92 88 71 85 86 86 86 86 86 86 86 87 71 92 70 70 88 71 92 70 70 70 70 88 71 71 101 101 101 101 101 101 101 101 101 101 101 101 101 101 101 101 101 101 101 101 101 101 101 101 101 101 101 101 101 101 101 101 101 101 101 101 101 101 101 101 101 101 101 101 108 108 101 108 108 108 108 108 108 108 108 108 108 108
23 23 23 23 23 23 23 13 0 0 0 0 0 0 0 0 0 0 0 0 0 0 0 0 0 0 0 9 1 5 19 19 0 0 0 0 0 20 0 19 19 19 0 0 0 0 17 23 23 23 23 23 23 23 80 70 70 70 70 70 88 71 92 88 71 92 97 84 86 86 86 86 83 70 70 88 71 92 88 71 92 96 95 88 71 91 89 71 92 88 71 92 88 71 92 70 70 70 70 70 70 70 88 71 92 70 70 88 71 92 70 70 70 70 84 86 86 86 86 74 74 75 101 101 101 101 101 109 101 101 101 101 101 101 101 101 101 101 101 101 101 101 101 101 108 101 101 101 101 101 109 101 108 101 101 101 101 101 101 101 101 108 101 101 108 108 108 108 108 108 108 108 108 108 108
23 23 23 23 23 23 23 13 2 3 3 3 3 3 3 3 3 3 3 3 3 3 3 3 3 3 3 30 1 5 19 0 0 0 0 0 0 0 19 19 19 0 0 0 0 0 17 23 24 23 23 23 23 23 80 70 70 70 70 70 88 71 92 88 71 91 90 90 90 90 90 90 90 90 90 89 71 92 88 71 92 70 70 88 71 71 71 71 92 88 71 92 88 71 91 90 90 90 90 90 82 70 88 71 92 70 70 88 71 92 70 70 70 70 70 70 70 70 70 70 70 76 101 101 101 101 101 111 101 101 109 101 101 101 101 101 101 101 101 101 101 101 101 108 101 101 101 109 101 101 111 101 101 108 101 101 101 101 101 101 108 101 101 101 108 108 108 108 108 108 108 108 108 108 108
23 23 23 23 23 23 23 13 9 1 1 1 1 1 1 1 1 1 1 1 1 1 1 1 1 1 1 1 1 5 0 0 0 0 0 0 0 19 19 0 0 0 0 0 0 0 17 23 23 23 24 23 23 23 80 70 70 70 70 70 88 71 92 88 71 71 71 71 71 71 71 71 71 71 71 71 71 92 88 71 92 70 70 84 86 87 71 85 83 88 71 92 88 71 71 71 71 71 71 71 92 70 88 71 92 70 70 88 71 92 70 70 70 70 70 70 70 70 70 70 70 76 101 101 101 101 101 101 101 101 111 101 101 101 101 101 101 101 101 101 101 101 101 108 101 109 101 111 101 109 101 109 101 108 101 101 101 101 101 101 108 101 101 108 108 108 108 108 108 108 108 108 108 108 108
23 24 23 23 23 23 23 13 8 7 7 7 7 7 7 7 7 7 7 7 7 7 7 7 7 7 7 7 7 6 0 0 0 0 0 0 0 0 0 0 0 0 0 0 0 0 17 23 23 23 23 23 23 23 80 70 70 70 70 70 88 71 92 84 86 86 86 86 86 86 86 86 86 86 86 86 86 83 88 71 92 70 70 70 70 84 86 83 70 88 71 92 88 71 85 86 86 86 86 86 83 70 84 86 83 70 70 88 71 92 70 70 70 70 70 70 70 70 70 70 70 76 101 101 101 101 101 101 101 101 101 101 101 101 101 101 101 101 101 101 101 101 101 108 101 111 109 101 110 111 101 111 101 108 101 101 101 101 101 101 101 108 101 101 108 108 108 108 108 108 108 108 108 108 108
23 23 23 23 23 23 23 33 11 11 11 11 11 11 11 11 11 11 11 11 11 11 11 11 11 11 11 11 11 11 11 11 11 11 11 11 11 11 11 11 11 11 11 11 11 11 32 23 23 23 23 23 23 24 80 70 70 70 70 70 88 71 91 90 90 90 90 90 90 90 90 90 90 90 90 90 90 90 89 71 91 90 90 90 90 90 90 90 90 89 71 92 88 71 91 90 90 90 90 90 90 90 90 90 90 90 90 89 71 92 70 70 70 70 70 70 70 70 70 70 70 76 101 101 101 101 101 101 101 101 101 101 101 101 101 101 101 101 101 101 101 101 101 101 108 101 111 101 111 101 101 101 108 101 101 101 101 101 101 108 101 108 101 101 108 108 108 108 108 108 108 108 108 108 108
23 23 23 23 23 23 23 23 23 23 23 23 23 23 23 23 23 23 23 23 23 23 23 23 24 23 23 23 23 23 23 23 23 23 23 23 23 23 23 23 23 23 23 23 23 23 23 23 23 23 23 23 23 23 80 70 70 70 70 70 88 71 71 71 71 71 71 71 71 71 71 71 71 71 71 71 71 71 71 71 71 71 71 71 71 71 71 71 71 71 71 92 88 71 71 71 71 71 71 71 71 71 71 71 71 71 71 71 71 92 70 70 70 70 70 70 70 70 70 70 70 84 74 74 74 74 74 74 74 74 74 74 74 74 74 74 74 74 74 74 74 74 74 74 74 74 74 74 74 74 74 74 74 74 74 74 74 74 74 74 74 74 74 74 74 74 74 74 74 74 74 74 74 74 74
23 23 23 24 23 23 24 23 23 23 23 23 23 23 23 23 23 23 23 23 23 23 23 23 24 23 23 23 23 23 24 23 23 23 23 23 23 23 23 23 23 23 23 23 23 23 23 23 23 24 23 23 23 23 80 70 70 70 70 70 84 86 86 86 86 86 86 86 86 86 86 86 86 86 86 86 86 86 86 86 86 86 86 86 86 86 86 86 86 86 86 83 84 86 86 86 86 86 86 86 86 86 86 86 86 86 86 86 86 83 70 70 70 70 70 70 70 70 70 70 70 70 70 70 70 70 70 70 70 70 70 70 70 70 70 70 70 70 70 70 70 70 70 70 70 70 70 70 70 70 70 70 70 70 70 70 70 70 70 70 70 70 70 70 70 70 70 70 70 70 70 70 70 70 70
23 23 23 23 23 23 23 23 23 23 23 23 23 24 23 23 23 23 23 23 24 23 23 23 23 23 23 23 23 23 23 23 24 24 23 23 24 23 23 23 24 23 24 23 23 23 23 23 23 24 23 23 23 23 80 70 70 70 70 70 70 70 70 70 70 70 70 70 70 70 97 70 70 70 70 70 70 70 70 70 70 70 70 70 70 70 70 70 70 70 70 97 70 70 70 70 70 70 70 70 70 70 70 97 70 70 70 70 70 70 70 70 70 70 70 70 70 70 70 70 70 70 70 70 70 70 70 70 70 70 70 70 70 70 70 70 70 70 70 70 70 70 70 70 70 70 70 70 70 70 70 70 70 70 70 70 70 70 70 70 70 70 70 70 70 70 70 70 70 70 70 70 70 70 70
23 23 23 23 24 23 23 23 23 23 23 23 23 23 23 23 23 23 23 23 23 24 23 23 23 23 23 23 23 23 23 23 23 23 23 23 23 23 23 23 23 23 23 23 23 23 23 23 24 23 23 23 23 23 80 70 70 70 70 70 70 70 70 97 97 70 70 70 70 70 70 70 70 70 70 70 70 97 70 70 70 70 70 70 70 70 70 97 70 70 70 70 70 70 70 97 70 70 70 70 70 97 70 70 70 70 70 70 70 70 70 70 70 70 70 70 70 70 70 70 70 70 70 70 70 70 70 70 70 70 70 70 70 70 70 70 70 70 70 70 70 70 70 70 70 70 70 70 70 70 70 70 70 70 70 70 70 70 70 70 70 70 70 70 70 70 70 70 70 70 70 70 70 70 70
23 23 23 23 23 23 23 23 24 23 23 23 23 23 23 23 24 23 23 24 23 23 23 23 23 23 23 24 23 23 23 23 24 23 23 23 23 23 23 23 23 23 23 23 23 23 23 23 23 23 23 24 23 23 80 70 70 70 70 70 70 70 70 70 70 70 70 70 70 70 70 70 70 97 70 70 70 70 70 70 70 70 70 70 70 70 70 70 70 70 70 70 70 70 70 70 70 70 70 70 70 70 70 70 70 70 70 70 70 70 70 70 70 70 70 70 70 70 70 70 70 70 70 70 70 70 70 70 70 70 70 70 70 70 70 70 70 70 70 70 70 70 70 70 70 70 70 70 70 70 70 70 70 70 70 70 70 70 70 70 70 70 70 70 70 70 70 70 70 70 70 70 70 70 70
23 23 23 23 23 23 23 23 23 23 23 23 23 23 23 23 23 23 23 24 23 23 23 23 23 23 23 23 23 23 23 23 23 23 23 23 23 23 24 23 23 23 23 23 23 23 23 23 23 23 23 23 23 23 80 70 70 70 70 70 70 70 70 70 70 70 70 70 70 70 70 70 70 70 70 70 70 70 70 70 70 70 70 97 70 70 70 70 70 70 70 70 70 70 70 70 70 70 70 70 70 70 70 70 70 70 70 70 70 70 70 70 70 70 70 70 70 70 70 70 70 70 70 70 70 70 70 70 70 70 70 70 70 70 70 70 70 70 70 70 70 70 70 70 70 70 70 70 70 70 70 70 70 70 70 70 70 70 70 70 70 70 70 70 70 70 70 70 70 70 70 70 70 70 70
23 23 23 23 23 23 23 23 23 23 24 23 23 23 23 23 23 23 23 23 23 23 23 23 23 23 23 23 23 23 23 23 23 23 23 23 23 23 23 23 23 23 23 23 23 23 23 23 23 23 23 23 23 23 80 70 70 70 70 70 70 70 70 70 70 70 70 70 70 70 70 70 70 70 70 97 70 70 70 70 70 70 70 70 70 70 70 70 70 70 70 70 70 70 70 70 70 70 70 70 70 70 70 70 70 70 70 70 70 70 70 70 70 70 70 70 70 70 70 70 70 70 70 70 70 70 70 70 70 70 70 70 70 70 70 70 70 70 70 70 70 70 70 70 70 70 70 70 70 70 70 70 70 70 70 70 70 70 70 70 70 70 70 70 70 70 70 70 70 70 70 70 70 70 70
23 23 23 23 23 23 23 23 23 23 24 23 23 23 23 23 23 23 23 23 23 23 23 23 23 23 23 23 23 23 23 23 23 23 23 23 23 23 23 23 23 23 23 23 23 23 23 23 23 23 23 23 23 23 80 70 70 70 70 70 70 70 70 70 70 70 70 70 70 70 70 70 70 70 70 70 70 70 70 70 70 70 70 70 70 70 70 70 70 70 70 70 70 70 70 70 70 70 70 70 70 70 70 70 70 70 70 70 70 70 70 70 70 70 70 70 70 70 70 70 70 70 70 70 70 70 70 70 70 70 70 70 70 70 70 70 70 70 70 70 70 70 70 70 70 70 70 70 70 70 70 70 70 70 70 70 70 70 70 70 70 70 70 70 70 70 70 70 70 70 70 70 70 70 70
23 23 23 23 23 23 23 23 23 23 24 23 23 23 23 23 23 23 23 23 23 23 23 23 23 23 23 23 23 23 23 23 23 23 23 23 23 23 23 23 23 23 23 23 23 23 23 23 23 23 23 23 23 23 80 70 70 70 70 70 70 70 70 70 70 70 70 70 70 70 70 70 70 70 70 70 70 70 70 70 70 70 70 70 70 70 70 70 70 70 70 70 70 70 70 70 70 70 70 70 70 70 70 70 70 70 70 70 70 70 70 70 70 70 70 70 70 70 70 70 70 70 70 70 70 70 70 70 70 70 70 70 70 70 70 70 70 70 70 70 70 70 70 70 70 70 70 70 70 70 70 70 70 70 70 70 70 70 70 70 70 70 70 70 70 70 70 70 70 70 70 70 70 70 70